acyr,semr,sid,loam
98,1,SD980240 ,44290
98,1,SD980241 ,44290
98,1,SD980243 ,44290
98,1,SD980249 ,44290
98,1,SD980253 ,44290
98,1,SD980254 ,44290
98,1,SD980257 ,44290
98,1,SD980261 ,44290
98,1,SD980263 ,44290
98,1,SD980266 ,44290
98,1,SD980267 ,44290
98,1,SD980269 ,44290
98,1,SD980270 ,47290
98,1,SD980271 ,47290
98,1,SD980273 ,44290
98,1,SD980277 ,44290
98,1,SD980285 ,44027
98,1,SD980286 ,56290
98,1,SD980288 ,44290
98,1,SD980299 ,56190
98,1,SD980302 ,44290
98,1,SD980304 ,44290
98,1,SD980310 ,44290
98,1,SD980311 ,44290
98,1,SD980313 ,44027
98,1,SD980317 ,44290
98,1,SD980318 ,44290
98,1,SD980319 ,44290
98,1,SD980322 ,44290
98,1,SD980324 ,44290
98,1,SD980325 ,44290
98,1,SD980328 ,44290
98,1,SD980330 ,44290
98,1,SD980331 ,44290
98,1,SD980332 ,44290
98,1,SD980334 ,44290
98,1,SD980340 ,44290
98,1,SD980342 ,47290
98,1,SD980344 ,56190
98,1,SD980345 ,38786
98,1,SD980354 ,44290
98,1,SD980355 ,44290
98,1,SD980357 ,44290
98,1,SD980359 ,44290
98,1,SD980361 ,44290
98,1,SD980367 ,44290
98,1,SD980369 ,44290
98,1,SD980370 ,47290
98,1,SD980374 ,47027
98,1,SD980375 ,56190
98,1,SD980379 ,44290
98,1,SD980385 ,44290
98,1,SD980386 ,44290
98,1,SD980387 ,44290
98,1,SD980389 ,44290
98,1,SD980390 ,44290
98,1,SD980391 ,44290
98,1,SD980393 ,44290
98,1,SD980394 ,44290
98,1,SD980395 ,44290
98,1,SD980396 ,44290
98,1,SD980398 ,59190
98,1,SD980399 ,59190
98,1,SD980400 ,53290
98,1,SD980402 ,55290
98,1,SD980403 ,23886
98,1,SD980413 ,44290
98,1,SD980417 ,44290
98,1,SD980419 ,44290
98,1,SD980421 ,44290
98,1,SD980422 ,44290
98,1,SD980425 ,44290
98,1,SD980428 ,56190
98,1,SD980433 ,52290
98,1,SD980437 ,57190
98,1,SD980441 ,44290
98,1,SD980443 ,44290
98,1,SD980449 ,44290
98,1,SD980452 ,56190
98,1,SD980454 ,44290
98,1,SD980455 ,44290
98,1,SD980457 ,30000
98,1,SD980459 ,44290
98,1,SD980460 ,23886
98,1,SD980465 ,18749
98,1,SD980472 ,45165
98,1,SD980473 ,45165
98,1,SD980475 ,44027
98,1,SD980477 ,45165
98,1,SD980488 ,45165
98,1,SD980490 ,45165
98,1,SD980491 ,45165
98,1,SD980493 ,45165
98,1,SD980495 ,45165
98,1,SD980498 ,45165
98,1,SD980499 ,45165
98,1,SD980500 ,45165
98,1,SD980505 ,45165
98,1,SD980515 ,24761
98,1,SD980525 ,45165
98,1,SD980531 ,45165
98,1,SD980533 ,45165
98,1,SD980534 ,45165
98,1,SD980537 ,36082
98,1,SD980538 ,45165
98,1,SD980540 ,48165
98,1,SD980543 ,48165
98,1,SD980549 ,45165
98,1,SD980551 ,45165
98,1,SD980552 ,45165
98,1,SD980557 ,58565
98,1,SD980558 ,45000
98,1,SD980559 ,45165
98,1,SD980562 ,45165
98,1,SD980563 ,45165
98,1,SD980565 ,25165
98,1,SD980571 ,45165
98,1,SD980573 ,45165
98,1,SD980576 ,60065
98,1,SD980585 ,45165
98,1,SD980586 ,45165
98,1,SD980587 ,45165
98,1,SD980589 ,45165
98,1,SD980590 ,45165
98,1,SD980594 ,45165
98,1,SD980597 ,53165
98,1,SD980603 ,45165
98,1,SD980607 ,18749
98,1,SD980608 ,57065
98,1,SD980609 ,48165
98,1,SD980615 ,45165
98,1,SD980617 ,45165
98,1,SD980620 ,45165
98,1,SD980632 ,56165
98,1,SD980634 ,60065
98,1,SD980647 ,45165
98,1,SD980651 ,45165
98,1,SD980653 ,45165
98,1,SD980656 ,45165
98,1,SD980660 ,44027
98,1,SD980661 ,45165
98,1,SD980664 ,45165
98,1,SD980669 ,45165
98,1,SD980673 ,45165
98,1,SD980676 ,45165
98,1,SD980679 ,45165
98,1,SD980685 ,45165
98,1,SD980690 ,45165
98,1,SD980691 ,45165
98,1,SD980692 ,45165
98,1,SD980694 ,45165
98,1,SD980703 ,45165
98,1,SD980704 ,45165
98,1,SD980712 ,45165
98,1,SD980713 ,56165
98,1,SD980715 ,45165
98,1,SD980719 ,45165
98,1,SD980720 ,45165
98,1,SD980721 ,60065
98,1,SD980723 ,48165
98,1,SD980725 ,57165
98,1,SD980727 ,45165
98,1,SD980729 ,45165
98,1,SD980732 ,45165
98,1,SD980736 ,45165
98,1,SD980738 ,45165
98,1,SD980739 ,17346
98,1,SD980742 ,45165
98,1,SD980744 ,45165
98,1,SD980765 ,44027
98,1,SD980768 ,45165
98,1,SD980773 ,45165
98,1,SD980776 ,60065
98,1,SD980783 ,45165
98,1,SD980785 ,56165
98,1,SD980787 ,45165
98,1,SD980789 ,45165
98,1,SD980794 ,60065
98,1,SD980795 ,45165
98,1,SD980796 ,45165
98,1,SD980797 ,45165
98,1,SD980799 ,45165
98,1,SD980800 ,45165
98,1,SD980802 ,44027
98,1,SD980805 ,45165
98,1,SD980821 ,45165
98,1,SD980822 ,48165
98,1,SD980823 ,45165
98,1,SD980824 ,45165
98,1,SD980825 ,45165
98,1,SD980834 ,57065
98,1,SD980837 ,45165
98,1,SD980838 ,45165
98,1,SD980841 ,45165
98,1,SD980842 ,56165
98,1,SD980843 ,45165
98,1,SD980851 ,45165
98,1,SD980853 ,45165
98,1,SD980856 ,45165
98,1,SD980859 ,45165
98,1,SD980861 ,25000
98,1,SD980862 ,45165
98,2,SD980237 ,44290
98,2,SD980240 ,44290
98,2,SD980241 ,44290
98,2,SD980243 ,44290
98,2,SD980249 ,44290
98,2,SD980253 ,44290
98,2,SD980254 ,44290
98,2,SD980256 ,55290
98,2,SD980257 ,44290
98,2,SD980261 ,44290
98,2,SD980263 ,44290
98,2,SD980266 ,44290
98,2,SD980267 ,44290
98,2,SD980269 ,44290
98,2,SD980270 ,47290
98,2,SD980271 ,20290
98,2,SD980273 ,44290
98,2,SD980274 ,44290
98,2,SD980277 ,44290
98,2,SD980285 ,44290
98,2,SD980286 ,44290
98,2,SD980293 ,44290
98,2,SD980299 ,56190
98,2,SD980302 ,44290
98,2,SD980304 ,17290
98,2,SD980310 ,44290
98,2,SD980317 ,17290
98,2,SD980319 ,44290
98,2,SD980322 ,32290
98,2,SD980324 ,44290
98,2,SD980328 ,44290
98,2,SD980330 ,9290
98,2,SD980331 ,44290
98,2,SD980332 ,20290
98,2,SD980340 ,44290
98,2,SD980342 ,44290
98,2,SD980344 ,56190
98,2,SD980345 ,38785
98,2,SD980352 ,36082
98,2,SD980354 ,45165
98,2,SD980355 ,45165
98,2,SD980357 ,45165
98,2,SD980359 ,45165
98,2,SD980361 ,10165
98,2,SD980367 ,10165
98,2,SD980368 ,45165
98,2,SD980369 ,10165
98,2,SD980370 ,45165
98,2,SD980374 ,45165
98,2,SD980379 ,45165
98,2,SD980385 ,45165
98,2,SD980386 ,45165
98,2,SD980387 ,45165
98,2,SD980389 ,45165
98,2,SD980390 ,45165
98,2,SD980391 ,45165
98,2,SD980393 ,45165
98,2,SD980395 ,45165
98,2,SD980396 ,45165
98,2,SD980398 ,58065
98,2,SD980399 ,60065
98,2,SD980402 ,18165
98,2,SD980403 ,24760
98,2,SD980413 ,58065
98,2,SD980419 ,18165
98,2,SD980421 ,45165
98,2,SD980423 ,45165
98,2,SD980425 ,10165
98,2,SD980427 ,45165
98,2,SD980428 ,57065
98,2,SD980433 ,53165
98,2,SD980437 ,58065
98,2,SD980441 ,45165
98,2,SD980443 ,45165
98,2,SD980449 ,33165
98,2,SD980452 ,57065
98,2,SD980454 ,48165
98,2,SD980455 ,45165
98,2,SD980457 ,58065
98,2,SD980459 ,54165
98,2,SD980460 ,45165
98,2,SD980465 ,17874
98,2,SD980473 ,44290
98,2,SD980475 ,44290
98,2,SD980477 ,44290
98,2,SD980488 ,44290
98,2,SD980490 ,44290
98,2,SD980491 ,44290
98,2,SD980493 ,44290
98,2,SD980498 ,44290
98,2,SD980499 ,9290
98,2,SD980500 ,44290
98,2,SD980505 ,44290
98,2,SD980514 ,59190
98,2,SD980515 ,23885
98,2,SD980525 ,44290
98,2,SD980533 ,44290
98,2,SD980534 ,44290
98,2,SD980537 ,47290
98,2,SD980538 ,44290
98,2,SD980540 ,44290
98,2,SD980543 ,20290
98,2,SD980549 ,44290
98,2,SD980551 ,44290
98,2,SD980552 ,44290
98,2,SD980557 ,47290
98,2,SD980558 ,44290
98,2,SD980559 ,9290
98,2,SD980562 ,47290
98,2,SD980563 ,44290
98,2,SD980571 ,22290
98,2,SD980573 ,44290
98,2,SD980576 ,47290
98,2,SD980585 ,45165
98,2,SD980586 ,45165
98,2,SD980587 ,45165
98,2,SD980589 ,45165
98,2,SD980597 ,48165
98,2,SD980603 ,45165
98,2,SD980607 ,18749
98,2,SD980609 ,45165
98,2,SD980615 ,45165
98,2,SD980617 ,45165
98,2,SD980620 ,45165
98,2,SD980632 ,53165
98,2,SD980647 ,45165
98,2,SD980651 ,45165
98,2,SD980653 ,45165
98,2,SD980656 ,45165
98,2,SD980660 ,45165
98,2,SD980661 ,10165
98,2,SD980664 ,45165
98,2,SD980669 ,45165
98,2,SD980673 ,45165
98,2,SD980676 ,10165
98,2,SD980679 ,45165
98,2,SD980685 ,45165
98,2,SD980686 ,30000
98,2,SD980690 ,45165
98,2,SD980691 ,45165
98,2,SD980692 ,45165
98,2,SD980694 ,45165
98,2,SD980703 ,18165
98,2,SD980704 ,45165
98,2,SD980712 ,45165
98,2,SD980713 ,33165
98,2,SD980715 ,45165
98,2,SD980719 ,10165
98,2,SD980720 ,45165
98,2,SD980721 ,57065
98,2,SD980723 ,45165
98,2,SD980725 ,45165
98,2,SD980729 ,45165
98,2,SD980732 ,45165
98,2,SD980736 ,45165
98,2,SD980738 ,45165
98,2,SD980742 ,45165
98,2,SD980768 ,44290
98,2,SD980773 ,44290
98,2,SD980776 ,44190
98,2,SD980783 ,44290
98,2,SD980785 ,20290
98,2,SD980787 ,9290
98,2,SD980789 ,44290
98,2,SD980794 ,37190
98,2,SD980796 ,44290
98,2,SD980797 ,44290
98,2,SD980799 ,9290
98,2,SD980801 ,44290
98,2,SD980805 ,44290
98,2,SD980821 ,44290
98,2,SD980822 ,44290
98,2,SD980834 ,56190
98,2,SD980837 ,44290
98,2,SD980838 ,44290
98,2,SD980841 ,44290
98,2,SD980842 ,55290
98,2,SD980843 ,44290
98,2,SD980851 ,44290
98,2,SD980853 ,17290
98,2,SD980859 ,44290
98,2,SD980861 ,17290
99,1,SD980237 ,44240
99,1,SD980240 ,44240
99,1,SD980241 ,44240
99,1,SD980242 ,44240
99,1,SD980243 ,44240
99,1,SD980249 ,44240
99,1,SD980253 ,44240
99,1,SD980254 ,44240
99,1,SD980257 ,44240
99,1,SD980261 ,44240
99,1,SD980263 ,44240
99,1,SD980266 ,44240
99,1,SD980269 ,44240
99,1,SD980270 ,47240
99,1,SD980271 ,47240
99,1,SD980273 ,44240
99,1,SD980274 ,44240
99,1,SD980285 ,44240
99,1,SD980286 ,44240
99,1,SD980293 ,44240
99,1,SD980299 ,53240
99,1,SD980302 ,44240
99,1,SD980304 ,44240
99,1,SD980310 ,44240
99,1,SD980311 ,44240
99,1,SD980317 ,44240
99,1,SD980318 ,44240
99,1,SD980319 ,44240
99,1,SD980322 ,44240
99,1,SD980325 ,44240
99,1,SD980328 ,44240
99,1,SD980330 ,44240
99,1,SD980331 ,44240
99,1,SD980332 ,47240
99,1,SD980340 ,44240
99,1,SD980342 ,44240
99,1,SD980344 ,56140
99,1,SD980345 ,35736
99,1,SD980346 ,44240
99,1,SD980352 ,36082
99,1,SD980354 ,45115
99,1,SD980357 ,45115
99,1,SD980359 ,45115
99,1,SD980361 ,45115
99,1,SD980367 ,45115
99,1,SD980368 ,45115
99,1,SD980369 ,45115
99,1,SD980370 ,45115
99,1,SD980374 ,45115
99,1,SD980375 ,45115
99,1,SD980379 ,45115
99,1,SD980385 ,45115
99,1,SD980386 ,45115
99,1,SD980387 ,45115
99,1,SD980389 ,45115
99,1,SD980390 ,45115
99,1,SD980391 ,45115
99,1,SD980393 ,45115
99,1,SD980395 ,45115
99,1,SD980396 ,45115
99,1,SD980398 ,45115
99,1,SD980399 ,45115
99,1,SD980402 ,56115
99,1,SD980403 ,24711
99,1,SD980407 ,78115
99,1,SD980413 ,45115
99,1,SD980418 ,45115
99,1,SD980419 ,45115
99,1,SD980421 ,45115
99,1,SD980422 ,45115
99,1,SD980423 ,45115
99,1,SD980425 ,45115
99,1,SD980427 ,45115
99,1,SD980428 ,45115
99,1,SD980433 ,53115
99,1,SD980437 ,45115
99,1,SD980441 ,45115
99,1,SD980443 ,45115
99,1,SD980449 ,45115
99,1,SD980452 ,45115
99,1,SD980454 ,48115
99,1,SD980455 ,45115
99,1,SD980457 ,45115
99,1,SD980459 ,53115
99,1,SD980460 ,45115
99,1,SD980462 ,45115
99,1,SD980465 ,17824
99,1,SD980472 ,44240
99,1,SD980473 ,44240
99,1,SD980475 ,44240
99,1,SD980477 ,44240
99,1,SD980478 ,44240
99,1,SD980488 ,44240
99,1,SD980490 ,44240
99,1,SD980491 ,44240
99,1,SD980493 ,44240
99,1,SD980495 ,44240
99,1,SD980498 ,44240
99,1,SD980499 ,44240
99,1,SD980500 ,44240
99,1,SD980514 ,47240
99,1,SD980515 ,23836
99,1,SD980517 ,44240
99,1,SD980518 ,44240
99,1,SD980519 ,44240
99,1,SD980521 ,44240
99,1,SD980525 ,44240
99,1,SD980531 ,44240
99,1,SD980533 ,44240
99,1,SD980534 ,44240
99,1,SD980537 ,47240
99,1,SD980538 ,44240
99,1,SD980540 ,44240
99,1,SD980543 ,47240
99,1,SD980549 ,44240
99,1,SD980552 ,44240
99,1,SD980557 ,44240
99,1,SD980558 ,44240
99,1,SD980559 ,44240
99,1,SD980562 ,44240
99,1,SD980563 ,44240
99,1,SD980564 ,44240
99,1,SD980566 ,45115
99,1,SD980571 ,44240
99,1,SD980573 ,44240
99,1,SD980576 ,44240
99,1,SD980580 ,44240
99,1,SD980581 ,26629
99,1,SD980583 ,44240
99,1,SD980586 ,45115
99,1,SD980587 ,45115
99,1,SD980589 ,45115
99,1,SD980591 ,45115
99,1,SD980595 ,45115
99,1,SD980597 ,45115
99,1,SD980603 ,45115
99,1,SD980607 ,18699
99,1,SD980608 ,57015
99,1,SD980609 ,45115
99,1,SD980617 ,45115
99,1,SD980620 ,45115
99,1,SD980626 ,45115
99,1,SD980638 ,45115
99,1,SD980639 ,45115
99,1,SD980640 ,45115
99,1,SD980647 ,45115
99,1,SD980651 ,45115
99,1,SD980653 ,45115
99,1,SD980656 ,45115
99,1,SD980660 ,45115
99,1,SD980661 ,45115
99,1,SD980664 ,45115
99,1,SD980673 ,45115
99,1,SD980676 ,45115
99,1,SD980679 ,45115
99,1,SD980685 ,45115
99,1,SD980690 ,53115
99,1,SD980691 ,45115
99,1,SD980692 ,45115
99,1,SD980694 ,45115
99,1,SD980697 ,27504
99,1,SD980703 ,45115
99,1,SD980704 ,45115
99,1,SD980712 ,45115
99,1,SD980713 ,45115
99,1,SD980715 ,45115
99,1,SD980719 ,27504
99,1,SD980720 ,45115
99,1,SD980721 ,57015
99,1,SD980723 ,45115
99,1,SD980725 ,45115
99,1,SD980727 ,48115
99,1,SD980729 ,45115
99,1,SD980738 ,45115
99,1,SD980742 ,45115
99,1,SD980743 ,45115
99,1,SD980761 ,44240
99,1,SD980765 ,44240
99,1,SD980768 ,47240
99,1,SD980773 ,44240
99,1,SD980776 ,47240
99,1,SD980783 ,44240
99,1,SD980785 ,55240
99,1,SD980787 ,44240
99,1,SD980789 ,44240
99,1,SD980794 ,47240
99,1,SD980795 ,44240
99,1,SD980796 ,44240
99,1,SD980797 ,44240
99,1,SD980799 ,44240
99,1,SD980801 ,44240
99,1,SD980802 ,44240
99,1,SD980805 ,44240
99,1,SD980821 ,44240
99,1,SD980822 ,44240
99,1,SD980824 ,44240
99,1,SD980834 ,56140
99,1,SD980837 ,44240
99,1,SD980838 ,44240
99,1,SD980842 ,55240
99,1,SD980843 ,44240
99,1,SD980851 ,44240
99,1,SD980853 ,40000
99,1,SD980859 ,44240
99,1,SD980861 ,30000
99,1,SD980864 ,44240
99,1,SD990232 ,44240
99,1,SD990239 ,44240
99,1,SD990240 ,44240
99,1,SD990242 ,44240
99,1,SD990244 ,44240
99,1,SD990245 ,44240
99,1,SD990246 ,44240
99,1,SD990248 ,44240
99,1,SD990249 ,44240
99,1,SD990250 ,59140
99,1,SD990252 ,44240
99,1,SD990257 ,47240
99,1,SD990260 ,44027
99,1,SD990262 ,44240
99,1,SD990265 ,44240
99,1,SD990267 ,47240
99,1,SD990269 ,59140
99,1,SD990270 ,47240
99,1,SD990272 ,47240
99,1,SD990276 ,30000
99,1,SD990279 ,44240
99,1,SD990282 ,56140
99,1,SD990283 ,44240
99,1,SD990299 ,44240
99,1,SD990313 ,44240
99,1,SD990319 ,44240
99,1,SD990322 ,44240
99,1,SD990326 ,44240
99,1,SD990327 ,44240
99,1,SD990329 ,44240
99,1,SD990330 ,44240
99,1,SD990337 ,60140
99,1,SD990347 ,44240
99,1,SD990350 ,47240
99,1,SD990351 ,44240
99,1,SD990354 ,44240
99,1,SD990356 ,44240
99,1,SD990357 ,44240
99,1,SD990358 ,44240
99,1,SD990360 ,44240
99,1,SD990364 ,44240
99,1,SD990366 ,56140
99,1,SD990369 ,44240
99,1,SD990376 ,44240
99,1,SD990377 ,44240
99,1,SD990385 ,44240
99,1,SD990388 ,59140
99,1,SD990391 ,55240
99,1,SD990394 ,56140
99,1,SD990404 ,44240
99,1,SD990408 ,44240
99,1,SD990411 ,44240
99,1,SD990413 ,44240
99,1,SD990414 ,44240
99,1,SD990415 ,41107
99,1,SD990418 ,44240
99,1,SD990421 ,28321
99,1,SD990425 ,47240
99,1,SD990430 ,44240
99,1,SD990432 ,44240
99,1,SD990433 ,26629
99,1,SD990435 ,44240
99,1,SD990443 ,47240
99,1,SD990444 ,47240
99,1,SD990445 ,44240
99,1,SD990448 ,47240
99,1,SD990450 ,37629
99,1,SD990453 ,23800
99,1,SD990460 ,45115
99,1,SD990463 ,45115
99,1,SD990464 ,45115
99,1,SD990469 ,57015
99,1,SD990471 ,45115
99,1,SD990472 ,45115
99,1,SD990475 ,45115
99,1,SD990481 ,45115
99,1,SD990482 ,60015
99,1,SD990483 ,45115
99,1,SD990488 ,57015
99,1,SD990490 ,45115
99,1,SD990493 ,45115
99,1,SD990494 ,47115
99,1,SD990496 ,45115
99,1,SD990503 ,45115
99,1,SD990504 ,14296
99,1,SD990505 ,57015
99,1,SD990507 ,53115
99,1,SD990508 ,57015
99,1,SD990510 ,48115
99,1,SD990511 ,60015
99,1,SD990527 ,48115
99,1,SD990534 ,45115
99,1,SD990537 ,45115
99,1,SD990539 ,45115
99,1,SD990542 ,45115
99,1,SD990545 ,45115
99,1,SD990547 ,60015
99,1,SD990550 ,30000
99,1,SD990552 ,45115
99,1,SD990553 ,45115
99,1,SD990556 ,48115
99,1,SD990558 ,45115
99,1,SD990565 ,44240
99,1,SD990567 ,45115
99,1,SD990568 ,48115
99,1,SD990574 ,53115
99,1,SD990575 ,60015
99,1,SD990578 ,57015
99,1,SD990580 ,57015
99,1,SD990602 ,45115
99,1,SD990604 ,45115
99,1,SD990607 ,48115
99,1,SD990610 ,45115
99,1,SD990611 ,45115
99,1,SD990612 ,44240
99,1,SD990614 ,45115
99,1,SD990616 ,45115
99,1,SD990618 ,44240
99,1,SD990620 ,60015
99,1,SD990621 ,56115
99,1,SD990629 ,45115
99,1,SD990630 ,45115
99,1,SD990631 ,45115
99,1,SD990636 ,45115
99,1,SD990642 ,48115
99,1,SD990647 ,53115
99,1,SD990652 ,23858
99,1,SD990657 ,45115
99,1,SD990659 ,45115
99,1,SD990662 ,45115
99,1,SD990666 ,45115
99,1,SD990668 ,45115
99,1,SD990671 ,45115
99,1,SD990673 ,44027
99,1,SD990675 ,45115
99,1,SD990676 ,45115
99,1,SD990678 ,48115
99,1,SD990679 ,57115
99,1,SD990680 ,45115
99,1,SD990684 ,45115
99,1,SD990687 ,45115
99,1,SD990689 ,45115
99,1,SD990690 ,45115
99,1,SD990691 ,45115
99,1,SD990692 ,45115
99,1,SD990696 ,45115
99,1,SD990698 ,45115
99,1,SD990699 ,48115
99,1,SD990702 ,56115
99,1,SD990704 ,24711
99,1,SD990709 ,35000
99,1,SD990711 ,45115
99,1,SD990712 ,45115
99,1,SD990714 ,45115
99,1,SD990716 ,45115
99,1,SD990717 ,45115
99,1,SD990718 ,45115
99,1,SD990720 ,45115
99,1,SD990727 ,45115
99,1,SD990732 ,45115
99,1,SD990733 ,44902
99,1,SD990737 ,54115
99,1,SD990738 ,45115
99,1,SD990742 ,45115
99,1,SD990743 ,45115
99,1,SD990746 ,45115
99,1,SD990749 ,48115
99,1,SD990756 ,25296
99,1,SD990759 ,24711
99,1,SD990765 ,45115
99,1,SD990768 ,45115
99,1,SD990770 ,45115
99,1,SD990771 ,48115
99,1,SD990772 ,45115
99,1,SD990776 ,45115
99,1,SD990778 ,48115
99,1,SD990779 ,48115
99,1,SD990781 ,45115
99,1,SD990782 ,45115
99,1,SD990786 ,45115
99,1,SD990787 ,45115
99,1,SD990788 ,45115
99,1,SD990791 ,45115
99,1,SD990793 ,45115
99,1,SD990797 ,56115
99,1,SD990798 ,45115
99,1,SD990802 ,45115
99,1,SD990806 ,45115
99,1,SD990811 ,45115
99,1,SD990822 ,45115
99,1,SD990824 ,56115
99,1,SD990829 ,45115
99,1,SD990830 ,45115
99,1,SD990833 ,48115
99,1,SD990834 ,45115
99,1,SD990840 ,45115
99,1,SD990844 ,45115
99,1,SD990847 ,45115
99,1,SD990854 ,45115
99,1,SD990855 ,45115
99,1,SD990860 ,45115
99,1,SD990861 ,45115
99,1,SD990869 ,45115
99,1,SD990870 ,45115
99,1,SD990873 ,60015
99,1,SD990875 ,56115
99,2,SD980237 ,44240
99,2,SD980240 ,44240
99,2,SD980241 ,44240
99,2,SD980242 ,9240
99,2,SD980248 ,44240
99,2,SD980249 ,44240
99,2,SD980253 ,44240
99,2,SD980254 ,44240
99,2,SD980257 ,44240
99,2,SD980261 ,44240
99,2,SD980263 ,44240
99,2,SD980266 ,44240
99,2,SD980269 ,44240
99,2,SD980270 ,12240
99,2,SD980271 ,12240
99,2,SD980273 ,44240
99,2,SD980274 ,44240
99,2,SD980285 ,44240
99,2,SD980286 ,44240
99,2,SD980288 ,44240
99,2,SD980290 ,44240
99,2,SD980299 ,52240
99,2,SD980302 ,9240
99,2,SD980304 ,22240
99,2,SD980310 ,27240
99,2,SD980311 ,44240
99,2,SD980317 ,17240
99,2,SD980319 ,44240
99,2,SD980322 ,17240
99,2,SD980328 ,44240
99,2,SD980330 ,9240
99,2,SD980331 ,44240
99,2,SD980332 ,25240
99,2,SD980340 ,44240
99,2,SD980342 ,44240
99,2,SD980344 ,56140
99,2,SD980345 ,38735
99,2,SD980346 ,44240
99,2,SD980349 ,44240
99,2,SD980352 ,36082
99,2,SD980357 ,44240
99,2,SD980359 ,44240
99,2,SD980361 ,9240
99,2,SD980367 ,9240
99,2,SD980370 ,44240
99,2,SD980374 ,44240
99,2,SD980379 ,17240
99,2,SD980385 ,44240
99,2,SD980386 ,44240
99,2,SD980389 ,44240
99,2,SD980390 ,44240
99,2,SD980391 ,22240
99,2,SD980393 ,44240
99,2,SD980395 ,27240
99,2,SD980396 ,17240
99,2,SD980398 ,44240
99,2,SD980399 ,44240
99,2,SD980402 ,17240
99,2,SD980403 ,23835
99,2,SD980407 ,74240
99,2,SD980413 ,44240
99,2,SD980418 ,44240
99,2,SD980419 ,9240
99,2,SD980421 ,44240
99,2,SD980422 ,44240
99,2,SD980423 ,44240
99,2,SD980425 ,9240
99,2,SD980427 ,22240
99,2,SD980428 ,44240
99,2,SD980433 ,17240
99,2,SD980437 ,44240
99,2,SD980441 ,44240
99,2,SD980443 ,44240
99,2,SD980449 ,32240
99,2,SD980452 ,9240
99,2,SD980454 ,12240
99,2,SD980455 ,44240
99,2,SD980457 ,17240
99,2,SD980459 ,52240
99,2,SD980460 ,44240
99,2,SD980465 ,17824
99,2,SD980473 ,44240
99,2,SD980475 ,44240
99,2,SD980477 ,44240
99,2,SD980488 ,44240
99,2,SD980490 ,44240
99,2,SD980491 ,44240
99,2,SD980493 ,44240
99,2,SD980495 ,44240
99,2,SD980498 ,44240
99,2,SD980499 ,9240
99,2,SD980500 ,44240
99,2,SD980514 ,12240
99,2,SD980515 ,23835
99,2,SD980517 ,44240
99,2,SD980518 ,52240
99,2,SD980519 ,44240
99,2,SD980521 ,44240
99,2,SD980525 ,44240
99,2,SD980533 ,9240
99,2,SD980537 ,44240
99,2,SD980538 ,44240
99,2,SD980549 ,44240
99,2,SD980552 ,9240
99,2,SD980557 ,44240
99,2,SD980558 ,47240
99,2,SD980559 ,20240
99,2,SD980562 ,9240
99,2,SD980563 ,44240
99,2,SD980566 ,44240
99,2,SD980571 ,22240
99,2,SD980573 ,44240
99,2,SD980576 ,44240
99,2,SD980580 ,44240
99,2,SD980581 ,26629
99,2,SD980583 ,9240
99,2,SD980586 ,23115
99,2,SD980587 ,45115
99,2,SD980589 ,45115
99,2,SD980597 ,45115
99,2,SD980603 ,45115
99,2,SD980607 ,18699
99,2,SD980608 ,22015
99,2,SD980609 ,45115
99,2,SD980617 ,45115
99,2,SD980620 ,45115
99,2,SD980626 ,45115
99,2,SD980628 ,45115
99,2,SD980639 ,45115
99,2,SD980640 ,45115
99,2,SD980643 ,44902
99,2,SD980647 ,45115
99,2,SD980651 ,45115
99,2,SD980653 ,45115
99,2,SD980660 ,45115
99,2,SD980661 ,10115
99,2,SD980673 ,45115
99,2,SD980676 ,10115
99,2,SD980679 ,28115
99,2,SD980685 ,45115
99,2,SD980690 ,53115
99,2,SD980692 ,45115
99,2,SD980694 ,45115
99,2,SD980697 ,27504
99,2,SD980700 ,45115
99,2,SD980703 ,10115
99,2,SD980704 ,45115
99,2,SD980712 ,45115
99,2,SD980713 ,45115
99,2,SD980715 ,45115
99,2,SD980719 ,27504
99,2,SD980723 ,45115
99,2,SD980725 ,45115
99,2,SD980729 ,45115
99,2,SD980738 ,45115
99,2,SD980742 ,45115
99,2,SD980761 ,44240
99,2,SD980768 ,47240
99,2,SD980773 ,44240
99,2,SD980776 ,25240
99,2,SD980783 ,44240
99,2,SD980785 ,28240
99,2,SD980787 ,44240
99,2,SD980789 ,44240
99,2,SD980794 ,17240
99,2,SD980796 ,44240
99,2,SD980797 ,44240
99,2,SD980799 ,9240
99,2,SD980800 ,44240
99,2,SD980801 ,44240
99,2,SD980802 ,44240
99,2,SD980805 ,44240
99,2,SD980821 ,44240
99,2,SD980822 ,44240
99,2,SD980834 ,56140
99,2,SD980837 ,44240
99,2,SD980838 ,44240
99,2,SD980842 ,55240
99,2,SD980843 ,44240
99,2,SD980851 ,44240
99,2,SD980853 ,44240
99,2,SD980859 ,44240
99,2,SD980861 ,17240
99,2,SD980868 ,27240
99,2,SD990239 ,27240
99,2,SD990240 ,27240
99,2,SD990242 ,47240
99,2,SD990244 ,44240
99,2,SD990245 ,44240
99,2,SD990246 ,32240
99,2,SD990248 ,9240
99,2,SD990250 ,59140
99,2,SD990257 ,44240
99,2,SD990262 ,44240
99,2,SD990265 ,44240
99,2,SD990267 ,47240
99,2,SD990269 ,47240
99,2,SD990270 ,44027
99,2,SD990272 ,44240
99,2,SD990276 ,44240
99,2,SD990279 ,56140
99,2,SD990282 ,56140
99,2,SD990283 ,56140
99,2,SD990299 ,44240
99,2,SD990313 ,9240
99,2,SD990319 ,17240
99,2,SD990322 ,44240
99,2,SD990326 ,44240
99,2,SD990330 ,44240
99,2,SD990333 ,44240
99,2,SD990337 ,9240
99,2,SD990339 ,56140
99,2,SD990347 ,46240
99,2,SD990350 ,44240
99,2,SD990351 ,44240
99,2,SD990354 ,32240
99,2,SD990356 ,44240
99,2,SD990357 ,44240
99,2,SD990358 ,44240
99,2,SD990360 ,44240
99,2,SD990364 ,44240
99,2,SD990366 ,29140
99,2,SD990376 ,13421
99,2,SD990378 ,44240
99,2,SD990384 ,44240
99,2,SD990385 ,44240
99,2,SD990388 ,56140
99,2,SD990394 ,56140
99,2,SD990404 ,9240
99,2,SD990408 ,44240
99,2,SD990411 ,44240
99,2,SD990413 ,44240
99,2,SD990414 ,44240
99,2,SD990418 ,9240
99,2,SD990421 ,28321
99,2,SD990422 ,44240
99,2,SD990425 ,44240
99,2,SD990429 ,44240
99,2,SD990430 ,44240
99,2,SD990432 ,44240
99,2,SD990433 ,26629
99,2,SD990435 ,9240
99,2,SD990443 ,44240
99,2,SD990444 ,24140
99,2,SD990448 ,24140
99,2,SD990450 ,37629
99,2,SD990453 ,23790
99,2,SD990460 ,17240
99,2,SD990463 ,44240
99,2,SD990464 ,44240
99,2,SD990469 ,22240
99,2,SD990471 ,44240
99,2,SD990472 ,44240
99,2,SD990481 ,44240
99,2,SD990482 ,24140
99,2,SD990488 ,56140
99,2,SD990490 ,44240
99,2,SD990493 ,44240
99,2,SD990494 ,12240
99,2,SD990495 ,44240
99,2,SD990496 ,44240
99,2,SD990503 ,9240
99,2,SD990504 ,28321
99,2,SD990505 ,9240
99,2,SD990507 ,44240
99,2,SD990508 ,56140
99,2,SD990532 ,17240
99,2,SD990534 ,44240
99,2,SD990537 ,44240
99,2,SD990539 ,9240
99,2,SD990542 ,44240
99,2,SD990545 ,44240
99,2,SD990546 ,47240
99,2,SD990547 ,47240
99,2,SD990550 ,27000
99,2,SD990552 ,44240
99,2,SD990556 ,44240
99,2,SD990557 ,17824
99,2,SD990565 ,44240
99,2,SD990567 ,44240
99,2,SD990574 ,44240
99,2,SD990576 ,44240
99,2,SD990580 ,21140
99,2,SD990600 ,45115
99,2,SD990602 ,18115
99,2,SD990604 ,45115
99,2,SD990607 ,0
99,2,SD990611 ,45115
99,2,SD990612 ,45115
99,2,SD990614 ,45115
99,2,SD990616 ,10115
99,2,SD990618 ,45115
99,2,SD990620 ,45115
99,2,SD990621 ,56115
99,2,SD990630 ,45115
99,2,SD990631 ,45115
99,2,SD990636 ,45115
99,2,SD990642 ,48115
99,2,SD990647 ,53115
99,2,SD990652 ,5983
99,2,SD990657 ,45115
99,2,SD990659 ,10115
99,2,SD990666 ,10115
99,2,SD990668 ,45115
99,2,SD990671 ,10115
99,2,SD990675 ,45115
99,2,SD990676 ,53115
99,2,SD990678 ,45115
99,2,SD990679 ,45115
99,2,SD990680 ,45115
99,2,SD990684 ,45115
99,2,SD990687 ,10115
99,2,SD990689 ,45115
99,2,SD990690 ,45115
99,2,SD990691 ,45115
99,2,SD990692 ,45115
99,2,SD990698 ,45115
99,2,SD990702 ,21115
99,2,SD990704 ,24710
99,2,SD990712 ,45115
99,2,SD990714 ,10115
99,2,SD990717 ,45115
99,2,SD990718 ,45115
99,2,SD990727 ,45115
99,2,SD990732 ,22015
99,2,SD990733 ,44027
99,2,SD990737 ,45115
99,2,SD990742 ,18115
99,2,SD990743 ,45115
99,2,SD990746 ,18115
99,2,SD990749 ,27504
99,2,SD990756 ,22296
99,2,SD990759 ,24710
99,2,SD990765 ,44240
99,2,SD990770 ,44240
99,2,SD990771 ,30240
99,2,SD990772 ,44240
99,2,SD990776 ,44240
99,2,SD990779 ,12240
99,2,SD990781 ,44240
99,2,SD990782 ,59140
99,2,SD990786 ,44240
99,2,SD990787 ,44240
99,2,SD990788 ,44240
99,2,SD990791 ,44240
99,2,SD990793 ,44240
99,2,SD990797 ,44240
99,2,SD990798 ,9240
99,2,SD990802 ,44240
99,2,SD990806 ,44240
99,2,SD990811 ,9240
99,2,SD990815 ,55240
99,2,SD990822 ,47240
99,2,SD990824 ,55240
99,2,SD990829 ,44240
99,2,SD990830 ,44240
99,2,SD990833 ,47240
99,2,SD990834 ,44240
99,2,SD990836 ,44240
99,2,SD990837 ,13421
99,2,SD990840 ,44240
99,2,SD990844 ,44240
99,2,SD990847 ,44240
99,2,SD990854 ,44240
99,2,SD990855 ,9240
99,2,SD990860 ,44240
99,2,SD990861 ,44240
99,2,SD990869 ,44240
99,2,SD990870 ,44240
99,2,SD990873 ,59140
99,2,SD990875 ,55240
100,1,SD1000245,44240
100,1,SD1000247,44240
100,1,SD1000248,44240
100,1,SD1000250,47000
100,1,SD1000253,45240
100,1,SD1000259,59140
100,1,SD1000261,23836
100,1,SD1000263,59140
100,1,SD1000264,44240
100,1,SD1000270,44240
100,1,SD1000271,47240
100,1,SD1000273,44240
100,1,SD1000274,44240
100,1,SD1000275,44240
100,1,SD1000279,44240
100,1,SD1000281,59140
100,1,SD1000283,47240
100,1,SD1000285,44240
100,1,SD1000289,44240
100,1,SD1000306,44240
100,1,SD1000307,44240
100,1,SD1000312,44240
100,1,SD1000313,44240
100,1,SD1000315,44240
100,1,SD1000316,44240
100,1,SD1000318,44240
100,1,SD1000319,44240
100,1,SD1000320,44240
100,1,SD1000323,44240
100,1,SD1000328,47240
100,1,SD1000329,47240
100,1,SD1000332,59140
100,1,SD1000334,44240
100,1,SD1000335,44240
100,1,SD1000336,44240
100,1,SD1000337,44240
100,1,SD1000338,44240
100,1,SD1000342,44240
100,1,SD1000344,44240
100,1,SD1000349,56240
100,1,SD1000351,47240
100,1,SD1000355,47000
100,1,SD1000357,47240
100,1,SD1000359,44240
100,1,SD1000371,37883
100,1,SD1000377,44240
100,1,SD1000378,59140
100,1,SD1000380,44240
100,1,SD1000381,44240
100,1,SD1000386,44240
100,1,SD1000390,44240
100,1,SD1000391,56140
100,1,SD1000394,44240
100,1,SD1000395,44240
100,1,SD1000403,44240
100,1,SD1000407,44240
100,1,SD1000408,52240
100,1,SD1000414,44240
100,1,SD1000417,47240
100,1,SD1000418,44240
100,1,SD1000421,44240
100,1,SD1000422,44240
100,1,SD1000426,58140
100,1,SD1000427,59140
100,1,SD1000448,44240
100,1,SD1000449,44240
100,1,SD1000452,44240
100,1,SD1000457,44240
100,1,SD1000460,44240
100,1,SD1000463,47240
100,1,SD1000466,44240
100,1,SD1000468,44240
100,1,SD1000471,44240
100,1,SD1000472,26629
100,1,SD1000475,44240
100,1,SD1000477,44240
100,1,SD1000478,56140
100,1,SD1000479,44240
100,1,SD1000482,44240
100,1,SD1000483,44240
100,1,SD1000491,44240
100,1,SD1000492,44240
100,1,SD1000494,44240
100,1,SD1000495,44240
100,1,SD1000496,59140
100,1,SD1000497,56140
100,1,SD1000515,45115
100,1,SD1000521,47982
100,1,SD1000522,45115
100,1,SD1000527,62015
100,1,SD1000528,45115
100,1,SD1000530,56115
100,1,SD1000531,45115
100,1,SD1000532,45115
100,1,SD1000534,60015
100,1,SD1000536,45115
100,1,SD1000537,45115
100,1,SD1000540,13982
100,1,SD1000545,45115
100,1,SD1000547,45115
100,1,SD1000548,45115
100,1,SD1000551,45115
100,1,SD1000553,40000
100,1,SD1000555,45115
100,1,SD1000557,45115
100,1,SD1000558,45115
100,1,SD1000559,45115
100,1,SD1000560,48115
100,1,SD1000561,45115
100,1,SD1000564,45115
100,1,SD1000565,45115
100,1,SD1000577,45115
100,1,SD1000581,45115
100,1,SD1000583,45115
100,1,SD1000586,45115
100,1,SD1000589,45115
100,1,SD1000591,39611
100,1,SD1000593,41404
100,1,SD1000594,44027
100,1,SD1000601,30000
100,1,SD1000604,45115
100,1,SD1000607,48115
100,1,SD1000610,45115
100,1,SD1000613,45115
100,1,SD1000615,34711
100,1,SD1000617,45115
100,1,SD1000620,45115
100,1,SD1000621,45115
100,1,SD1000625,45115
100,1,SD1000628,45115
100,1,SD1000629,45115
100,1,SD1000636,26858
100,1,SD1000649,45115
100,1,SD1000654,45115
100,1,SD1000656,45115
100,1,SD1000662,45115
100,1,SD1000664,45115
100,1,SD1000673,45115
100,1,SD1000674,45115
100,1,SD1000676,45115
100,1,SD1000680,45115
100,1,SD1000683,48115
100,1,SD1000684,45115
100,1,SD1000686,45115
100,1,SD1000689,57015
100,1,SD1000690,45115
100,1,SD1000700,23858
100,1,SD1000701,23858
100,1,SD1000706,45115
100,1,SD1000707,45115
100,1,SD1000709,14296
100,1,SD1000711,60015
100,1,SD1000712,45115
100,1,SD1000713,45115
100,1,SD1000714,45115
100,1,SD1000719,44027
100,1,SD1000721,45115
100,1,SD1000726,48115
100,1,SD1000730,45115
100,1,SD1000732,45115
100,1,SD1000734,45115
100,1,SD1000737,53115
100,1,SD1000740,56115
100,1,SD1000743,45115
100,1,SD1000752,45115
100,1,SD1000755,45115
100,1,SD1000756,60015
100,1,SD1000766,25750
100,1,SD1000773,45115
100,1,SD1000778,45115
100,1,SD1000779,45115
100,1,SD1000783,44027
100,1,SD1000787,45115
100,1,SD1000791,55115
100,1,SD1000792,45115
100,1,SD1000794,48115
100,1,SD1000796,45115
100,1,SD1000797,45115
100,1,SD1000799,45115
100,1,SD1000800,45115
100,1,SD1000801,45115
100,1,SD1000805,45115
100,1,SD1000807,48115
100,1,SD1000809,45115
100,1,SD1000812,58115
100,1,SD1000815,56115
100,1,SD1000827,45115
100,1,SD1000829,48115
100,1,SD1000831,48115
100,1,SD1000835,45115
100,1,SD1000840,57015
100,1,SD1000846,45115
100,1,SD1000847,40000
100,1,SD1000850,53115
100,1,SD1000854,45115
100,1,SD1000855,45115
100,1,SD1000857,57015
100,1,SD1000859,45115
100,1,SD1000867,60015
100,1,SD1000871,45115
100,1,SD1000874,48115
100,1,SD1000875,45115
100,1,SD1000876,45115
100,1,SD1000889,45115
100,1,SD1000891,45115
100,1,SD1000892,45115
100,1,SD1000895,45115
100,1,SD1000897,45115
100,1,SD1000899,45115
100,1,SD1000900,45115
100,1,SD1000901,45115
100,1,SD1000902,53115
100,1,SD1000904,45115
100,1,SD1000907,45115
100,1,SD1000909,48115
100,1,SD1000910,48115
100,1,SD1000912,45115
100,1,SD1000913,33982
100,1,SD1000919,45115
100,1,SD1000922,45115
100,1,SD1000925,45115
100,1,SD1000929,45115
100,1,SD980238 ,44240
100,1,SD980240 ,44240
100,1,SD980241 ,44240
100,1,SD980242 ,13026
100,1,SD980248 ,0
100,1,SD980249 ,44240
100,1,SD980250 ,44240
100,1,SD980253 ,44240
100,1,SD980254 ,44240
100,1,SD980257 ,44240
100,1,SD980261 ,44240
100,1,SD980263 ,44240
100,1,SD980266 ,44240
100,1,SD980269 ,44240
100,1,SD980270 ,47240
100,1,SD980271 ,47240
100,1,SD980272 ,44240
100,1,SD980273 ,44240
100,1,SD980274 ,44240
100,1,SD980275 ,44240
100,1,SD980285 ,44240
100,1,SD980290 ,44240
100,1,SD980299 ,44240
100,1,SD980302 ,44240
100,1,SD980304 ,44240
100,1,SD980310 ,44240
100,1,SD980311 ,44240
100,1,SD980317 ,44240
100,1,SD980318 ,44240
100,1,SD980319 ,44240
100,1,SD980322 ,44240
100,1,SD980325 ,44240
100,1,SD980328 ,44240
100,1,SD980330 ,44240
100,1,SD980331 ,44240
100,1,SD980332 ,47240
100,1,SD980340 ,44240
100,1,SD980342 ,44240
100,1,SD980344 ,38529
100,1,SD980345 ,38736
100,1,SD980346 ,44240
100,1,SD980349 ,44240
100,1,SD980352 ,36082
100,1,SD980357 ,44240
100,1,SD980359 ,44240
100,1,SD980361 ,44240
100,1,SD980367 ,44240
100,1,SD980368 ,44240
100,1,SD980369 ,44240
100,1,SD980370 ,44240
100,1,SD980374 ,47240
100,1,SD980375 ,44240
100,1,SD980377 ,44240
100,1,SD980379 ,44240
100,1,SD980385 ,44240
100,1,SD980386 ,44240
100,1,SD980389 ,44240
100,1,SD980390 ,44240
100,1,SD980391 ,44240
100,1,SD980393 ,44240
100,1,SD980395 ,44240
100,1,SD980396 ,44240
100,1,SD980398 ,44240
100,1,SD980399 ,44240
100,1,SD980402 ,55240
100,1,SD980403 ,23836
100,1,SD980407 ,33107
100,1,SD980413 ,44240
100,1,SD980419 ,44240
100,1,SD980421 ,44240
100,1,SD980423 ,44240
100,1,SD980425 ,44240
100,1,SD980427 ,44240
100,1,SD980428 ,44240
100,1,SD980433 ,56140
100,1,SD980437 ,44240
100,1,SD980441 ,44240
100,1,SD980443 ,44240
100,1,SD980449 ,44240
100,1,SD980452 ,52240
100,1,SD980454 ,47240
100,1,SD980455 ,44240
100,1,SD980457 ,52240
100,1,SD980459 ,44240
100,1,SD980460 ,44240
100,1,SD980465 ,17824
100,1,SD980472 ,44240
100,1,SD980477 ,44240
100,1,SD980478 ,44240
100,1,SD980488 ,44240
100,1,SD980490 ,44240
100,1,SD980491 ,44240
100,1,SD980493 ,44240
100,1,SD980498 ,44240
100,1,SD980499 ,44240
100,1,SD980500 ,44240
100,1,SD980514 ,47240
100,1,SD980515 ,23836
100,1,SD980517 ,44240
100,1,SD980518 ,44240
100,1,SD980519 ,44240
100,1,SD980520 ,44240
100,1,SD980521 ,44240
100,1,SD980525 ,44240
100,1,SD980531 ,44240
100,1,SD980533 ,44240
100,1,SD980537 ,47240
100,1,SD980538 ,44240
100,1,SD980540 ,44240
100,1,SD980549 ,44240
100,1,SD980552 ,44240
100,1,SD980557 ,44240
100,1,SD980558 ,44240
100,1,SD980559 ,44240
100,1,SD980562 ,44240
100,1,SD980563 ,44240
100,1,SD980564 ,44240
100,1,SD980566 ,44240
100,1,SD980571 ,44240
100,1,SD980573 ,44240
100,1,SD980576 ,44240
100,1,SD980580 ,44027
100,1,SD980583 ,44240
100,1,SD980586 ,45115
100,1,SD980587 ,45115
100,1,SD980589 ,45115
100,1,SD980591 ,45115
100,1,SD980597 ,48115
100,1,SD980603 ,45115
100,1,SD980607 ,18699
100,1,SD980608 ,45115
100,1,SD980609 ,45115
100,1,SD980617 ,48115
100,1,SD980620 ,45115
100,1,SD980626 ,45115
100,1,SD980628 ,45115
100,1,SD980638 ,45115
100,1,SD980640 ,45115
100,1,SD980641 ,45115
100,1,SD980643 ,44027
100,1,SD980647 ,45115
100,1,SD980651 ,45115
100,1,SD980653 ,45115
100,1,SD980660 ,45115
100,1,SD980661 ,45115
100,1,SD980664 ,45115
100,1,SD980673 ,45115
100,1,SD980676 ,45115
100,1,SD980679 ,45115
100,1,SD980685 ,45115
100,1,SD980686 ,78115
100,1,SD980690 ,53115
100,1,SD980692 ,45115
100,1,SD980694 ,45115
100,1,SD980697 ,27504
100,1,SD980700 ,45115
100,1,SD980703 ,45115
100,1,SD980704 ,45115
100,1,SD980710 ,45115
100,1,SD980712 ,45115
100,1,SD980713 ,45115
100,1,SD980715 ,45115
100,1,SD980719 ,27504
100,1,SD980721 ,57015
100,1,SD980723 ,45115
100,1,SD980725 ,45115
100,1,SD980729 ,45115
100,1,SD980738 ,45115
100,1,SD980742 ,45115
100,1,SD980743 ,48115
100,1,SD980761 ,44240
100,1,SD980765 ,44240
100,1,SD980768 ,47240
100,1,SD980776 ,47240
100,1,SD980783 ,44240
100,1,SD980785 ,55240
100,1,SD980787 ,44240
100,1,SD980789 ,44240
100,1,SD980794 ,44240
100,1,SD980795 ,44240
100,1,SD980796 ,44240
100,1,SD980797 ,44240
100,1,SD980799 ,44240
100,1,SD980801 ,44240
100,1,SD980802 ,44240
100,1,SD980805 ,44240
100,1,SD980821 ,44240
100,1,SD980822 ,44240
100,1,SD980824 ,44240
100,1,SD980834 ,44240
100,1,SD980837 ,44240
100,1,SD980838 ,44240
100,1,SD980842 ,55240
100,1,SD980843 ,44240
100,1,SD980851 ,44240
100,1,SD980852 ,44240
100,1,SD980853 ,44240
100,1,SD980859 ,44240
100,1,SD980861 ,44240
100,1,SD980865 ,44240
100,1,SD980868 ,44240
100,1,SD990239 ,44240
100,1,SD990240 ,44240
100,1,SD990244 ,44240
100,1,SD990245 ,44240
100,1,SD990246 ,44240
100,1,SD990248 ,44240
100,1,SD990249 ,44240
100,1,SD990250 ,59140
100,1,SD990252 ,44240
100,1,SD990257 ,44240
100,1,SD990260 ,44240
100,1,SD990262 ,44240
100,1,SD990265 ,44240
100,1,SD990267 ,47240
100,1,SD990272 ,44240
100,1,SD990276 ,44240
100,1,SD990279 ,44240
100,1,SD990282 ,44240
100,1,SD990283 ,44240
100,1,SD990285 ,44240
100,1,SD990313 ,44240
100,1,SD990319 ,44240
100,1,SD990322 ,44240
100,1,SD990325 ,36082
100,1,SD990326 ,44240
100,1,SD990327 ,44240
100,1,SD990330 ,44240
100,1,SD990333 ,44240
100,1,SD990337 ,44240
100,1,SD990339 ,44240
100,1,SD990342 ,44240
100,1,SD990349 ,48115
100,1,SD990350 ,45115
100,1,SD990351 ,45115
100,1,SD990354 ,45115
100,1,SD990356 ,45115
100,1,SD990357 ,45115
100,1,SD990358 ,45115
100,1,SD990360 ,45115
100,1,SD990364 ,45115
100,1,SD990366 ,45115
100,1,SD990369 ,45115
100,1,SD990375 ,45115
100,1,SD990376 ,13534
100,1,SD990377 ,45115
100,1,SD990378 ,48115
100,1,SD990384 ,45115
100,1,SD990385 ,45115
100,1,SD990388 ,53115
100,1,SD990394 ,45115
100,1,SD990404 ,45115
100,1,SD990408 ,45115
100,1,SD990411 ,45115
100,1,SD990413 ,45115
100,1,SD990414 ,45115
100,1,SD990418 ,45115
100,1,SD990421 ,25296
100,1,SD990422 ,45115
100,1,SD990425 ,45115
100,1,SD990429 ,45115
100,1,SD990430 ,45115
100,1,SD990433 ,27504
100,1,SD990435 ,45115
100,1,SD990436 ,45115
100,1,SD990443 ,45115
100,1,SD990444 ,48115
100,1,SD990448 ,48115
100,1,SD990450 ,38504
100,1,SD990460 ,44240
100,1,SD990463 ,44240
100,1,SD990464 ,44240
100,1,SD990469 ,44240
100,1,SD990471 ,44240
100,1,SD990472 ,44240
100,1,SD990475 ,44240
100,1,SD990481 ,44240
100,1,SD990482 ,47240
100,1,SD990483 ,44240
100,1,SD990484 ,44240
100,1,SD990490 ,44027
100,1,SD990493 ,44240
100,1,SD990494 ,47240
100,1,SD990495 ,44240
100,1,SD990496 ,44240
100,1,SD990499 ,44240
100,1,SD990503 ,44240
100,1,SD990504 ,16421
100,1,SD990505 ,44240
100,1,SD990507 ,44240
100,1,SD990508 ,56140
100,1,SD990510 ,47240
100,1,SD990520 ,59140
100,1,SD990521 ,44240
100,1,SD990527 ,44027
100,1,SD990532 ,44240
100,1,SD990534 ,44240
100,1,SD990537 ,44240
100,1,SD990539 ,44240
100,1,SD990545 ,44240
100,1,SD990546 ,44240
100,1,SD990547 ,44240
100,1,SD990550 ,40000
100,1,SD990552 ,44240
100,1,SD990556 ,44240
100,1,SD990557 ,17824
100,1,SD990558 ,44240
100,1,SD990565 ,44240
100,1,SD990567 ,44240
100,1,SD990574 ,44240
100,1,SD990576 ,58140
100,1,SD990578 ,44240
100,1,SD990600 ,45115
100,1,SD990602 ,55115
100,1,SD990604 ,45115
100,1,SD990607 ,45115
100,1,SD990611 ,45115
100,1,SD990612 ,45115
100,1,SD990614 ,45115
100,1,SD990616 ,45115
100,1,SD990618 ,45115
100,1,SD990620 ,45115
100,1,SD990621 ,56115
100,1,SD990626 ,48115
100,1,SD990629 ,45115
100,1,SD990630 ,45115
100,1,SD990631 ,45115
100,1,SD990636 ,45115
100,1,SD990642 ,48115
100,1,SD990647 ,53115
100,1,SD990649 ,45115
100,1,SD990652 ,35758
100,1,SD990657 ,45115
100,1,SD990659 ,55115
100,1,SD990661 ,45115
100,1,SD990662 ,45115
100,1,SD990666 ,45115
100,1,SD990668 ,45115
100,1,SD990671 ,45115
100,1,SD990673 ,45115
100,1,SD990675 ,45115
100,1,SD990676 ,56115
100,1,SD990678 ,45115
100,1,SD990679 ,45115
100,1,SD990684 ,45115
100,1,SD990687 ,44240
100,1,SD990689 ,45115
100,1,SD990690 ,45115
100,1,SD990691 ,45115
100,1,SD990692 ,45115
100,1,SD990696 ,45115
100,1,SD990702 ,45115
100,1,SD990704 ,24711
100,1,SD990709 ,35000
100,1,SD990711 ,45115
100,1,SD990714 ,45115
100,1,SD990716 ,45115
100,1,SD990717 ,45115
100,1,SD990718 ,45115
100,1,SD990720 ,45115
100,1,SD990727 ,45115
100,1,SD990732 ,57015
100,1,SD990733 ,44027
100,1,SD990737 ,45115
100,1,SD990738 ,45115
100,1,SD990742 ,45115
100,1,SD990743 ,45115
100,1,SD990746 ,45115
100,1,SD990749 ,27504
100,1,SD990756 ,14296
100,1,SD990760 ,45115
100,1,SD990765 ,44240
100,1,SD990768 ,44240
100,1,SD990770 ,44240
100,1,SD990771 ,47240
100,1,SD990772 ,44240
100,1,SD990775 ,44240
100,1,SD990776 ,44240
100,1,SD990779 ,47240
100,1,SD990781 ,44240
100,1,SD990786 ,44240
100,1,SD990787 ,44240
100,1,SD990788 ,44240
100,1,SD990791 ,44240
100,1,SD990793 ,44240
100,1,SD990797 ,44240
100,1,SD990798 ,44240
100,1,SD990802 ,44240
100,1,SD990806 ,44240
100,1,SD990811 ,44240
100,1,SD990815 ,47240
100,1,SD990822 ,47240
100,1,SD990824 ,55240
100,1,SD990829 ,44240
100,1,SD990830 ,44240
100,1,SD990833 ,44240
100,1,SD990834 ,44240
100,1,SD990837 ,13421
100,1,SD990840 ,44240
100,1,SD990844 ,44240
100,1,SD990847 ,44240
100,1,SD990854 ,44240
100,1,SD990855 ,44240
100,1,SD990860 ,44240
100,1,SD990861 ,44240
100,1,SD990863 ,44240
100,1,SD990869 ,44240
100,1,SD990870 ,44240
100,1,SD990873 ,47240
100,1,SD990875 ,44240
100,1,SD990876 ,44240
100,2,SD1000245,44240
100,2,SD1000247,44240
100,2,SD1000248,22240
100,2,SD1000250,30000
100,2,SD1000253,44240
100,2,SD1000254,44240
100,2,SD1000261,23835
100,2,SD1000264,56140
100,2,SD1000270,44240
100,2,SD1000271,12240
100,2,SD1000273,9240
100,2,SD1000275,39140
100,2,SD1000279,44240
100,2,SD1000283,9240
100,2,SD1000289,44240
100,2,SD1000306,44240
100,2,SD1000307,44240
100,2,SD1000312,9240
100,2,SD1000313,44240
100,2,SD1000315,44240
100,2,SD1000316,44240
100,2,SD1000318,22240
100,2,SD1000319,44240
100,2,SD1000320,59140
100,2,SD1000323,9240
100,2,SD1000328,44240
100,2,SD1000329,44240
100,2,SD1000332,59140
100,2,SD1000334,44240
100,2,SD1000335,9240
100,2,SD1000338,17240
100,2,SD1000342,44240
100,2,SD1000344,44240
100,2,SD1000349,56240
100,2,SD1000351,12240
100,2,SD1000357,47240
100,2,SD1000358,44240
100,2,SD1000359,44240
100,2,SD1000378,59140
100,2,SD1000380,17240
100,2,SD1000381,44240
100,2,SD1000386,44240
100,2,SD1000390,44240
100,2,SD1000391,56140
100,2,SD1000394,32240
100,2,SD1000395,44240
100,2,SD1000403,32240
100,2,SD1000407,44240
100,2,SD1000408,17240
100,2,SD1000414,9240
100,2,SD1000417,12240
100,2,SD1000418,9240
100,2,SD1000421,17240
100,2,SD1000426,52240
100,2,SD1000427,24140
100,2,SD1000448,44240
100,2,SD1000452,44240
100,2,SD1000457,9240
100,2,SD1000460,27240
100,2,SD1000463,44240
100,2,SD1000466,44240
100,2,SD1000468,44240
100,2,SD1000471,44240
100,2,SD1000472,26629
100,2,SD1000475,44240
100,2,SD1000477,44240
100,2,SD1000478,56140
100,2,SD1000479,44240
100,2,SD1000482,44240
100,2,SD1000492,44240
100,2,SD1000494,44240
100,2,SD1000495,9240
100,2,SD1000496,42140
100,2,SD1000497,56140
100,2,SD1000515,9000
100,2,SD1000521,11900
100,2,SD1000522,44240
100,2,SD1000527,44240
100,2,SD1000528,9240
100,2,SD1000530,17240
100,2,SD1000531,44240
100,2,SD1000532,9240
100,2,SD1000534,44140
100,2,SD1000536,26629
100,2,SD1000537,12240
100,2,SD1000540,27107
100,2,SD1000544,44240
100,2,SD1000545,44240
100,2,SD1000547,52240
100,2,SD1000548,44240
100,2,SD1000551,44240
100,2,SD1000553,40000
100,2,SD1000555,27240
100,2,SD1000557,27240
100,2,SD1000559,44240
100,2,SD1000560,47240
100,2,SD1000561,44240
100,2,SD1000564,44240
100,2,SD1000565,9240
100,2,SD1000577,44240
100,2,SD1000581,44240
100,2,SD1000583,9240
100,2,SD1000586,44240
100,2,SD1000589,44240
100,2,SD1000591,35736
100,2,SD1000593,40529
100,2,SD1000594,44027
100,2,SD1000599,44240
100,2,SD1000601,17240
100,2,SD1000604,44240
100,2,SD1000607,44240
100,2,SD1000609,44240
100,2,SD1000610,9240
100,2,SD1000613,44240
100,2,SD1000615,23835
100,2,SD1000617,44240
100,2,SD1000620,44240
100,2,SD1000621,44240
100,2,SD1000625,9240
100,2,SD1000628,9240
100,2,SD1000636,23858
100,2,SD1000654,45115
100,2,SD1000656,10115
100,2,SD1000664,45115
100,2,SD1000668,45115
100,2,SD1000673,10115
100,2,SD1000676,45115
100,2,SD1000680,45115
100,2,SD1000683,21115
100,2,SD1000684,45115
100,2,SD1000686,45115
100,2,SD1000689,57015
100,2,SD1000690,28115
100,2,SD1000701,23858
100,2,SD1000706,45115
100,2,SD1000707,45115
100,2,SD1000709,14296
100,2,SD1000711,60015
100,2,SD1000712,10115
100,2,SD1000714,45115
100,2,SD1000719,10115
100,2,SD1000721,45115
100,2,SD1000726,45115
100,2,SD1000732,45115
100,2,SD1000737,48115
100,2,SD1000740,39115
100,2,SD1000743,45115
100,2,SD1000752,45115
100,2,SD1000755,10115
100,2,SD1000756,60015
100,2,SD1000766,38981
100,2,SD1000773,45115
100,2,SD1000778,45115
100,2,SD1000779,45115
100,2,SD1000782,27504
100,2,SD1000783,45115
100,2,SD1000787,45115
100,2,SD1000791,53115
100,2,SD1000794,10115
100,2,SD1000796,10115
100,2,SD1000797,10115
100,2,SD1000799,10115
100,2,SD1000800,45115
100,2,SD1000801,45115
100,2,SD1000805,21115
100,2,SD1000807,26115
100,2,SD1000809,59015
100,2,SD1000815,55115
100,2,SD1000831,44240
100,2,SD1000835,44240
100,2,SD1000840,56140
100,2,SD1000846,44240
100,2,SD1000847,40000
100,2,SD1000850,55240
100,2,SD1000854,22240
100,2,SD1000855,44240
100,2,SD1000857,34140
100,2,SD1000859,22240
100,2,SD1000861,40000
100,2,SD1000867,59140
100,2,SD1000871,32240
100,2,SD1000876,55240
100,2,SD1000889,44240
100,2,SD1000891,44240
100,2,SD1000892,44240
100,2,SD1000895,44240
100,2,SD1000897,44240
100,2,SD1000899,9240
100,2,SD1000900,44240
100,2,SD1000901,44240
100,2,SD1000902,52240
100,2,SD1000904,44240
100,2,SD1000907,44240
100,2,SD1000909,22240
100,2,SD1000910,44240
100,2,SD1000912,44240
100,2,SD1000913,43213
100,2,SD1000914,44240
100,2,SD1000916,44240
100,2,SD1000919,9240
100,2,SD1000922,44240
100,2,SD1000925,22240
100,2,SD980238 ,44240
100,2,SD980240 ,44240
100,2,SD980241 ,44240
100,2,SD980242 ,13421
100,2,SD980243 ,44240
100,2,SD980248 ,20000
100,2,SD980249 ,44240
100,2,SD980250 ,44240
100,2,SD980253 ,44240
100,2,SD980254 ,44240
100,2,SD980257 ,44240
100,2,SD980262 ,44240
100,2,SD980263 ,44240
100,2,SD980266 ,44240
100,2,SD980269 ,44240
100,2,SD980270 ,9240
100,2,SD980271 ,12240
100,2,SD980272 ,44240
100,2,SD980273 ,44240
100,2,SD980285 ,44240
100,2,SD980290 ,44240
100,2,SD980299 ,44240
100,2,SD980302 ,9240
100,2,SD980304 ,22240
100,2,SD980307 ,13421
100,2,SD980308 ,58140
100,2,SD980310 ,27240
100,2,SD980311 ,55000
100,2,SD980317 ,17240
100,2,SD980319 ,17240
100,2,SD980322 ,9240
100,2,SD980328 ,44240
100,2,SD980330 ,9240
100,2,SD980331 ,44240
100,2,SD980332 ,9240
100,2,SD980336 ,44240
100,2,SD980340 ,44240
100,2,SD980342 ,44240
100,2,SD980344 ,26629
100,2,SD980345 ,38735
100,2,SD980346 ,44240
100,2,SD980349 ,44240
100,2,SD980352 ,36082
100,2,SD980357 ,44240
100,2,SD980359 ,44240
100,2,SD980361 ,17240
100,2,SD980367 ,44240
100,2,SD980368 ,9240
100,2,SD980370 ,44240
100,2,SD980374 ,44240
100,2,SD980377 ,44240
100,2,SD980379 ,9240
100,2,SD980385 ,32240
100,2,SD980386 ,44240
100,2,SD980389 ,44240
100,2,SD980390 ,44240
100,2,SD980391 ,9240
100,2,SD980393 ,44240
100,2,SD980395 ,27240
100,2,SD980396 ,12240
100,2,SD980398 ,44240
100,2,SD980399 ,44240
100,2,SD980402 ,20240
100,2,SD980403 ,23835
100,2,SD980407 ,33106
100,2,SD980413 ,44240
100,2,SD980418 ,44240
100,2,SD980419 ,9240
100,2,SD980421 ,22240
100,2,SD980423 ,44240
100,2,SD980425 ,9240
100,2,SD980427 ,22240
100,2,SD980428 ,44240
100,2,SD980433 ,21140
100,2,SD980437 ,44240
100,2,SD980443 ,44240
100,2,SD980449 ,47240
100,2,SD980452 ,17240
100,2,SD980454 ,12240
100,2,SD980455 ,44240
100,2,SD980457 ,17240
100,2,SD980459 ,9240
100,2,SD980460 ,23835
100,2,SD980465 ,17824
100,2,SD980477 ,44240
100,2,SD980488 ,44240
100,2,SD980490 ,27240
100,2,SD980491 ,44240
100,2,SD980493 ,44240
100,2,SD980498 ,44240
100,2,SD980499 ,9240
100,2,SD980500 ,44240
100,2,SD980514 ,9240
100,2,SD980515 ,23835
100,2,SD980518 ,44240
100,2,SD980519 ,44240
100,2,SD980520 ,44240
100,2,SD980521 ,26629
100,2,SD980525 ,44240
100,2,SD980533 ,9240
100,2,SD980537 ,47240
100,2,SD980538 ,44240
100,2,SD980540 ,0
100,2,SD980549 ,44240
100,2,SD980552 ,9240
100,2,SD980557 ,44240
100,2,SD980558 ,44240
100,2,SD980559 ,9240
100,2,SD980562 ,9240
100,2,SD980563 ,44240
100,2,SD980566 ,44240
100,2,SD980571 ,17240
100,2,SD980573 ,44240
100,2,SD980576 ,44240
100,2,SD980580 ,47240
100,2,SD980583 ,44240
100,2,SD980586 ,28115
100,2,SD980589 ,45115
100,2,SD980591 ,45115
100,2,SD980603 ,45115
100,2,SD980607 ,45115
100,2,SD980609 ,18115
100,2,SD980617 ,23115
100,2,SD980620 ,45115
100,2,SD980626 ,45115
100,2,SD980628 ,45115
100,2,SD980640 ,45115
100,2,SD980641 ,45115
100,2,SD980647 ,45115
100,2,SD980651 ,45115
100,2,SD980653 ,45115
100,2,SD980660 ,45115
100,2,SD980661 ,10115
100,2,SD980664 ,45115
100,2,SD980676 ,10115
100,2,SD980685 ,45115
100,2,SD980690 ,18115
100,2,SD980692 ,45115
100,2,SD980694 ,45115
100,2,SD980697 ,27504
100,2,SD980700 ,45115
100,2,SD980703 ,45115
100,2,SD980704 ,45115
100,2,SD980710 ,45115
100,2,SD980712 ,45115
100,2,SD980713 ,45115
100,2,SD980715 ,45115
100,2,SD980719 ,27504
100,2,SD980723 ,13115
100,2,SD980725 ,45115
100,2,SD980729 ,28115
100,2,SD980738 ,45115
100,2,SD980742 ,45115
100,2,SD980743 ,48115
100,2,SD980761 ,44240
100,2,SD980768 ,47240
100,2,SD980776 ,12240
100,2,SD980783 ,44240
100,2,SD980785 ,20240
100,2,SD980787 ,22240
100,2,SD980789 ,44240
100,2,SD980794 ,17240
100,2,SD980796 ,44240
100,2,SD980797 ,44240
100,2,SD980799 ,9240
100,2,SD980805 ,44240
100,2,SD980821 ,44240
100,2,SD980822 ,44240
100,2,SD980834 ,44240
100,2,SD980837 ,44240
100,2,SD980838 ,44240
100,2,SD980843 ,44240
100,2,SD980850 ,44240
100,2,SD980851 ,44240
100,2,SD980852 ,44240
100,2,SD980853 ,22240
100,2,SD980859 ,17240
100,2,SD980865 ,44240
100,2,SD980868 ,27240
100,2,SD990239 ,27240
100,2,SD990240 ,17240
100,2,SD990244 ,44240
100,2,SD990245 ,44240
100,2,SD990246 ,44240
100,2,SD990248 ,17240
100,2,SD990250 ,59140
100,2,SD990252 ,44240
100,2,SD990257 ,44240
100,2,SD990260 ,22240
100,2,SD990262 ,44240
100,2,SD990265 ,44240
100,2,SD990267 ,47240
100,2,SD990272 ,9240
100,2,SD990276 ,9240
100,2,SD990279 ,9240
100,2,SD990282 ,32240
100,2,SD990283 ,9240
100,2,SD990285 ,44240
100,2,SD990313 ,11240
100,2,SD990319 ,22240
100,2,SD990322 ,44240
100,2,SD990326 ,44240
100,2,SD990333 ,44240
100,2,SD990337 ,9240
100,2,SD990342 ,44240
100,2,SD990344 ,44240
100,2,SD990350 ,44240
100,2,SD990351 ,44240
100,2,SD990354 ,32240
100,2,SD990356 ,9240
100,2,SD990357 ,44240
100,2,SD990360 ,44240
100,2,SD990364 ,44240
100,2,SD990366 ,17240
100,2,SD990375 ,44240
100,2,SD990376 ,13421
100,2,SD990377 ,44240
100,2,SD990385 ,44240
100,2,SD990388 ,52240
100,2,SD990394 ,44240
100,2,SD990400 ,44240
100,2,SD990404 ,9240
100,2,SD990408 ,44240
100,2,SD990411 ,9240
100,2,SD990413 ,44240
100,2,SD990414 ,9240
100,2,SD990418 ,17240
100,2,SD990421 ,21421
100,2,SD990425 ,44240
100,2,SD990430 ,27240
100,2,SD990433 ,26629
100,2,SD990435 ,9240
100,2,SD990436 ,9240
100,2,SD990444 ,12240
100,2,SD990448 ,12240
100,2,SD990450 ,37629
100,2,SD990453 ,23835
100,2,SD990460 ,22240
100,2,SD990464 ,44240
100,2,SD990469 ,27240
100,2,SD990471 ,44240
100,2,SD990472 ,44240
100,2,SD990482 ,47240
100,2,SD990483 ,9240
100,2,SD990484 ,17240
100,2,SD990486 ,44240
100,2,SD990493 ,44240
100,2,SD990494 ,9240
100,2,SD990495 ,44240
100,2,SD990496 ,44240
100,2,SD990499 ,17240
100,2,SD990503 ,9240
100,2,SD990504 ,16421
100,2,SD990505 ,9240
100,2,SD990508 ,56140
100,2,SD990520 ,56140
100,2,SD990521 ,44240
100,2,SD990525 ,44240
100,2,SD990527 ,20240
100,2,SD990534 ,44240
100,2,SD990539 ,9240
100,2,SD990545 ,44240
100,2,SD990546 ,44240
100,2,SD990547 ,44240
100,2,SD990550 ,44140
100,2,SD990556 ,44240
100,2,SD990565 ,44240
100,2,SD990567 ,44240
100,2,SD990570 ,44240
100,2,SD990574 ,44240
100,2,SD990576 ,58140
100,2,SD990600 ,45115
100,2,SD990602 ,28115
100,2,SD990604 ,23115
100,2,SD990611 ,45115
100,2,SD990612 ,45115
100,2,SD990614 ,10115
100,2,SD990616 ,10115
100,2,SD990620 ,10115
100,2,SD990621 ,56115
100,2,SD990626 ,43000
100,2,SD990630 ,45115
100,2,SD990631 ,45115
100,2,SD990636 ,45115
100,2,SD990642 ,48115
100,2,SD990647 ,53115
100,2,SD990649 ,10115
100,2,SD990650 ,31907
100,2,SD990652 ,11900
100,2,SD990657 ,45115
100,2,SD990659 ,20115
100,2,SD990661 ,10115
100,2,SD990662 ,18115
100,2,SD990666 ,10115
100,2,SD990668 ,45115
100,2,SD990675 ,45115
100,2,SD990676 ,56115
100,2,SD990678 ,45115
100,2,SD990679 ,45115
100,2,SD990686 ,45115
100,2,SD990687 ,9240
100,2,SD990689 ,10115
100,2,SD990690 ,33115
100,2,SD990691 ,45115
100,2,SD990692 ,45115
100,2,SD990704 ,24710
100,2,SD990709 ,11000
100,2,SD990712 ,45115
100,2,SD990714 ,10115
100,2,SD990718 ,10115
100,2,SD990727 ,45115
100,2,SD990732 ,22015
100,2,SD990733 ,44027
100,2,SD990737 ,45115
100,2,SD990738 ,45115
100,2,SD990742 ,28115
100,2,SD990743 ,45115
100,2,SD990746 ,23115
100,2,SD990749 ,27504
100,2,SD990756 ,14296
100,2,SD990760 ,23115
100,2,SD990765 ,44240
100,2,SD990770 ,44240
100,2,SD990771 ,44240
100,2,SD990772 ,44240
100,2,SD990776 ,44240
100,2,SD990779 ,12240
100,2,SD990781 ,44240
100,2,SD990787 ,44240
100,2,SD990788 ,44240
100,2,SD990791 ,44240
100,2,SD990793 ,44240
100,2,SD990797 ,44240
100,2,SD990798 ,44240
100,2,SD990801 ,44240
100,2,SD990802 ,44240
100,2,SD990806 ,44240
100,2,SD990811 ,9240
100,2,SD990820 ,44240
100,2,SD990822 ,47240
100,2,SD990824 ,55240
100,2,SD990829 ,44240
100,2,SD990830 ,44240
100,2,SD990833 ,47240
100,2,SD990834 ,44240
100,2,SD990837 ,13421
100,2,SD990840 ,44240
100,2,SD990844 ,44240
100,2,SD990847 ,44240
100,2,SD990854 ,44240
100,2,SD990855 ,22240
100,2,SD990860 ,44240
100,2,SD990861 ,44240
100,2,SD990863 ,44240
100,2,SD990869 ,44240
100,2,SD990870 ,44240
100,2,SD990873 ,47240
100,2,SD990875 ,44240
100,2,SD990876 ,9240
101,1,SD1000245,44331
101,1,SD1000247,44331
101,1,SD1000248,44331
101,1,SD1000250,30000
101,1,SD1000253,44331
101,1,SD1000254,44331
101,1,SD1000261,23927
101,1,SD1000264,44331
101,1,SD1000270,44331
101,1,SD1000271,47331
101,1,SD1000273,56231
101,1,SD1000274,44331
101,1,SD1000275,56231
101,1,SD1000276,44331
101,1,SD1000279,44331
101,1,SD1000283,44331
101,1,SD1000289,44331
101,1,SD1000299,44331
101,1,SD1000307,44331
101,1,SD1000309,44331
101,1,SD1000312,44027
101,1,SD1000313,44331
101,1,SD1000315,44331
101,1,SD1000316,44331
101,1,SD1000318,44331
101,1,SD1000319,44331
101,1,SD1000320,47331
101,1,SD1000323,44331
101,1,SD1000328,44331
101,1,SD1000329,44331
101,1,SD1000332,47331
101,1,SD1000334,44331
101,1,SD1000335,44331
101,1,SD1000336,44331
101,1,SD1000337,44331
101,1,SD1000338,44331
101,1,SD1000342,44331
101,1,SD1000344,44331
101,1,SD1000347,44331
101,1,SD1000349,56331
101,1,SD1000351,47331
101,1,SD1000355,44331
101,1,SD1000357,47331
101,1,SD1000358,44331
101,1,SD1000367,44331
101,1,SD1000371,36974
101,1,SD1000372,44331
101,1,SD1000377,44331
101,1,SD1000378,47331
101,1,SD1000380,44331
101,1,SD1000381,44331
101,1,SD1000386,44331
101,1,SD1000390,44331
101,1,SD1000391,44331
101,1,SD1000394,44331
101,1,SD1000395,44331
101,1,SD1000404,44331
101,1,SD1000405,44331
101,1,SD1000407,44331
101,1,SD1000408,44331
101,1,SD1000411,44331
101,1,SD1000414,44331
101,1,SD1000417,47331
101,1,SD1000418,44331
101,1,SD1000421,44331
101,1,SD1000422,44331
101,1,SD1000426,52331
101,1,SD1000427,59231
101,1,SD1000448,44331
101,1,SD1000452,44331
101,1,SD1000457,44331
101,1,SD1000460,44331
101,1,SD1000461,30000
101,1,SD1000463,44331
101,1,SD1000466,44331
101,1,SD1000468,44331
101,1,SD1000471,44331
101,1,SD1000472,44331
101,1,SD1000475,44331
101,1,SD1000478,47331
101,1,SD1000479,44331
101,1,SD1000482,44331
101,1,SD1000483,44331
101,1,SD1000491,44331
101,1,SD1000492,44331
101,1,SD1000494,44331
101,1,SD1000495,44331
101,1,SD1000496,47331
101,1,SD1000497,44331
101,1,SD1000515,44331
101,1,SD1000521,44331
101,1,SD1000522,44331
101,1,SD1000527,44331
101,1,SD1000528,44331
101,1,SD1000530,59231
101,1,SD1000531,44331
101,1,SD1000532,44331
101,1,SD1000534,56231
101,1,SD1000536,26720
101,1,SD1000537,44331
101,1,SD1000540,24198
101,1,SD1000544,44331
101,1,SD1000545,44331
101,1,SD1000547,52331
101,1,SD1000548,44331
101,1,SD1000551,44331
101,1,SD1000553,40000
101,1,SD1000555,44331
101,1,SD1000557,44331
101,1,SD1000558,44331
101,1,SD1000559,44331
101,1,SD1000560,47331
101,1,SD1000561,44331
101,1,SD1000564,44331
101,1,SD1000565,44331
101,1,SD1000577,44331
101,1,SD1000581,44331
101,1,SD1000583,44331
101,1,SD1000586,44331
101,1,SD1000589,44331
101,1,SD1000591,23927
101,1,SD1000593,41620
101,1,SD1000594,44331
101,1,SD1000604,44331
101,1,SD1000607,44331
101,1,SD1000609,44331
101,1,SD1000610,44331
101,1,SD1000613,44331
101,1,SD1000617,44331
101,1,SD1000620,44331
101,1,SD1000621,44331
101,1,SD1000625,44331
101,1,SD1000628,44331
101,1,SD1000629,44331
101,1,SD1000636,23949
101,1,SD1000649,45206
101,1,SD1000654,45206
101,1,SD1000656,45206
101,1,SD1000660,45206
101,1,SD1000664,45206
101,1,SD1000668,45206
101,1,SD1000673,45206
101,1,SD1000676,45206
101,1,SD1000680,45206
101,1,SD1000683,48206
101,1,SD1000684,44331
101,1,SD1000686,45206
101,1,SD1000689,45206
101,1,SD1000690,45206
101,1,SD1000701,23949
101,1,SD1000706,45206
101,1,SD1000707,45206
101,1,SD1000709,14387
101,1,SD1000711,56206
101,1,SD1000712,45206
101,1,SD1000713,45206
101,1,SD1000714,45206
101,1,SD1000718,24802
101,1,SD1000719,45206
101,1,SD1000721,45206
101,1,SD1000726,45206
101,1,SD1000732,45206
101,1,SD1000737,44331
101,1,SD1000740,45206
101,1,SD1000743,45206
101,1,SD1000752,45206
101,1,SD1000755,45206
101,1,SD1000756,45206
101,1,SD1000766,41875
101,1,SD1000773,45206
101,1,SD1000778,45206
101,1,SD1000779,45206
101,1,SD1000782,27595
101,1,SD1000783,45206
101,1,SD1000791,53206
101,1,SD1000794,45206
101,1,SD1000796,45206
101,1,SD1000797,45206
101,1,SD1000799,45206
101,1,SD1000801,45206
101,1,SD1000805,48206
101,1,SD1000807,48206
101,1,SD1000809,45206
101,1,SD1000812,45206
101,1,SD1000815,55206
101,1,SD1000817,45206
101,1,SD1000823,44331
101,1,SD1000831,44331
101,1,SD1000835,44331
101,1,SD1000840,44331
101,1,SD1000846,44331
101,1,SD1000847,40000
101,1,SD1000850,44331
101,1,SD1000851,47331
101,1,SD1000854,44331
101,1,SD1000855,44331
101,1,SD1000857,44331
101,1,SD1000858,56206
101,1,SD1000859,44331
101,1,SD1000861,44331
101,1,SD1000867,59231
101,1,SD1000871,44331
101,1,SD1000872,44331
101,1,SD1000875,44331
101,1,SD1000876,59231
101,1,SD1000881,44331
101,1,SD1000884,44331
101,1,SD1000889,44331
101,1,SD1000891,44331
101,1,SD1000892,44331
101,1,SD1000895,44331
101,1,SD1000897,44331
101,1,SD1000899,44331
101,1,SD1000900,44331
101,1,SD1000901,44331
101,1,SD1000902,44331
101,1,SD1000904,44331
101,1,SD1000907,44331
101,1,SD1000909,44331
101,1,SD1000910,44331
101,1,SD1000912,44331
101,1,SD1000913,43248
101,1,SD1000914,44331
101,1,SD1000922,44331
101,1,SD1000925,44331
101,1,SD1000929,44331
101,1,SD1001004,50919
101,1,SD980238 ,44331
101,1,SD980240 ,44331
101,1,SD980242 ,13512
101,1,SD980249 ,44331
101,1,SD980253 ,44331
101,1,SD980254 ,44331
101,1,SD980257 ,44331
101,1,SD980261 ,44331
101,1,SD980262 ,44331
101,1,SD980263 ,44331
101,1,SD980266 ,44331
101,1,SD980269 ,44331
101,1,SD980270 ,47331
101,1,SD980271 ,47331
101,1,SD980272 ,44331
101,1,SD980273 ,44331
101,1,SD980274 ,44331
101,1,SD980285 ,44331
101,1,SD980290 ,44331
101,1,SD980302 ,44331
101,1,SD980304 ,44331
101,1,SD980307 ,26720
101,1,SD980308 ,59231
101,1,SD980309 ,44331
101,1,SD980310 ,44331
101,1,SD980311 ,54331
101,1,SD980317 ,44331
101,1,SD980318 ,44331
101,1,SD980319 ,44331
101,1,SD980322 ,44331
101,1,SD980325 ,44331
101,1,SD980328 ,44331
101,1,SD980330 ,44331
101,1,SD980331 ,44331
101,1,SD980332 ,44331
101,1,SD980336 ,44331
101,1,SD980340 ,44331
101,1,SD980342 ,44331
101,1,SD980344 ,26720
101,1,SD980345 ,38827
101,1,SD980346 ,44331
101,1,SD980349 ,44331
101,1,SD980352 ,44331
101,1,SD980357 ,44331
101,1,SD980359 ,44331
101,1,SD980361 ,44331
101,1,SD980367 ,44331
101,1,SD980368 ,44331
101,1,SD980369 ,44331
101,1,SD980370 ,44331
101,1,SD980374 ,44331
101,1,SD980375 ,44331
101,1,SD980377 ,44331
101,1,SD980379 ,44331
101,1,SD980385 ,44331
101,1,SD980386 ,44331
101,1,SD980387 ,44331
101,1,SD980389 ,44331
101,1,SD980390 ,44331
101,1,SD980391 ,44331
101,1,SD980393 ,44331
101,1,SD980395 ,44331
101,1,SD980396 ,47331
101,1,SD980398 ,44331
101,1,SD980399 ,44331
101,1,SD980402 ,55331
101,1,SD980403 ,23927
101,1,SD980407 ,43198
101,1,SD980413 ,44331
101,1,SD980419 ,44331
101,1,SD980421 ,44331
101,1,SD980423 ,44331
101,1,SD980425 ,44331
101,1,SD980427 ,44331
101,1,SD980428 ,44331
101,1,SD980433 ,56231
101,1,SD980437 ,44331
101,1,SD980443 ,44331
101,1,SD980449 ,47331
101,1,SD980452 ,52331
101,1,SD980454 ,47331
101,1,SD980455 ,44331
101,1,SD980457 ,52331
101,1,SD980459 ,44331
101,1,SD980460 ,23927
101,1,SD980465 ,17915
101,1,SD980477 ,44331
101,1,SD980478 ,44331
101,1,SD980488 ,44331
101,1,SD980490 ,44331
101,1,SD980491 ,44331
101,1,SD980495 ,44331
101,1,SD980498 ,44331
101,1,SD980499 ,44331
101,1,SD980500 ,44331
101,1,SD980514 ,44331
101,1,SD980515 ,23927
101,1,SD980517 ,44331
101,1,SD980518 ,44331
101,1,SD980519 ,44331
101,1,SD980520 ,44331
101,1,SD980521 ,26720
101,1,SD980525 ,44331
101,1,SD980533 ,44331
101,1,SD980537 ,47331
101,1,SD980538 ,44331
101,1,SD980540 ,44331
101,1,SD980549 ,31123
101,1,SD980552 ,47331
101,1,SD980557 ,44331
101,1,SD980558 ,44331
101,1,SD980559 ,44331
101,1,SD980562 ,44331
101,1,SD980563 ,44331
101,1,SD980566 ,44331
101,1,SD980571 ,44331
101,1,SD980573 ,44331
101,1,SD980576 ,44331
101,1,SD980580 ,47331
101,1,SD980583 ,44331
101,1,SD980586 ,45206
101,1,SD980587 ,45206
101,1,SD980589 ,45206
101,1,SD980591 ,45206
101,1,SD980597 ,48206
101,1,SD980603 ,45206
101,1,SD980607 ,45206
101,1,SD980608 ,45206
101,1,SD980609 ,45206
101,1,SD980617 ,45206
101,1,SD980620 ,45206
101,1,SD980626 ,45206
101,1,SD980628 ,45206
101,1,SD980640 ,45206
101,1,SD980641 ,45206
101,1,SD980647 ,45206
101,1,SD980651 ,45206
101,1,SD980653 ,45206
101,1,SD980660 ,45206
101,1,SD980661 ,45206
101,1,SD980664 ,45206
101,1,SD980676 ,45206
101,1,SD980679 ,45206
101,1,SD980685 ,45206
101,1,SD980690 ,53206
101,1,SD980692 ,45206
101,1,SD980694 ,45206
101,1,SD980697 ,27595
101,1,SD980700 ,45206
101,1,SD980703 ,45206
101,1,SD980704 ,45206
101,1,SD980712 ,45206
101,1,SD980713 ,45206
101,1,SD980715 ,45206
101,1,SD980719 ,27595
101,1,SD980721 ,57106
101,1,SD980723 ,45206
101,1,SD980725 ,45206
101,1,SD980729 ,45206
101,1,SD980742 ,45206
101,1,SD980743 ,48206
101,1,SD980761 ,44331
101,1,SD980763 ,44331
101,1,SD980765 ,44331
101,1,SD980768 ,47331
101,1,SD980776 ,46331
101,1,SD980783 ,44331
101,1,SD980785 ,55331
101,1,SD980787 ,44331
101,1,SD980789 ,44331
101,1,SD980794 ,44331
101,1,SD980796 ,44331
101,1,SD980797 ,44331
101,1,SD980799 ,44331
101,1,SD980800 ,44331
101,1,SD980801 ,44331
101,1,SD980802 ,44331
101,1,SD980805 ,44331
101,1,SD980821 ,44331
101,1,SD980822 ,44331
101,1,SD980834 ,44331
101,1,SD980837 ,44331
101,1,SD980838 ,44331
101,1,SD980843 ,44331
101,1,SD980850 ,44331
101,1,SD980852 ,44331
101,1,SD980853 ,44331
101,1,SD980857 ,44331
101,1,SD980858 ,44331
101,1,SD980859 ,44331
101,1,SD980865 ,44331
101,1,SD990239 ,44331
101,1,SD990240 ,44331
101,1,SD990244 ,47331
101,1,SD990245 ,44331
101,1,SD990246 ,44331
101,1,SD990248 ,44331
101,1,SD990249 ,44331
101,1,SD990250 ,56231
101,1,SD990252 ,44331
101,1,SD990257 ,44331
101,1,SD990260 ,44331
101,1,SD990262 ,44331
101,1,SD990265 ,44331
101,1,SD990267 ,47331
101,1,SD990272 ,47331
101,1,SD990276 ,44331
101,1,SD990279 ,44331
101,1,SD990282 ,44331
101,1,SD990283 ,44331
101,1,SD990285 ,44331
101,1,SD990313 ,44331
101,1,SD990319 ,44331
101,1,SD990322 ,44027
101,1,SD990326 ,44331
101,1,SD990327 ,44331
101,1,SD990330 ,44331
101,1,SD990333 ,44331
101,1,SD990337 ,44331
101,1,SD990342 ,44331
101,1,SD990344 ,44331
101,1,SD990349 ,44331
101,1,SD990350 ,44331
101,1,SD990351 ,44331
101,1,SD990354 ,44331
101,1,SD990356 ,44331
101,1,SD990357 ,44331
101,1,SD990358 ,44331
101,1,SD990360 ,44331
101,1,SD990364 ,44331
101,1,SD990366 ,44331
101,1,SD990369 ,44331
101,1,SD990375 ,44331
101,1,SD990376 ,13512
101,1,SD990377 ,44331
101,1,SD990388 ,52331
101,1,SD990394 ,44331
101,1,SD990399 ,44331
101,1,SD990400 ,44331
101,1,SD990401 ,44331
101,1,SD990404 ,44331
101,1,SD990408 ,44331
101,1,SD990411 ,44331
101,1,SD990413 ,44331
101,1,SD990414 ,44331
101,1,SD990418 ,44331
101,1,SD990421 ,24512
101,1,SD990422 ,44331
101,1,SD990425 ,44331
101,1,SD990429 ,44331
101,1,SD990430 ,44331
101,1,SD990433 ,26720
101,1,SD990435 ,44331
101,1,SD990436 ,44331
101,1,SD990439 ,40000
101,1,SD990444 ,47331
101,1,SD990448 ,47331
101,1,SD990450 ,37720
101,1,SD990460 ,44331
101,1,SD990463 ,44331
101,1,SD990464 ,44331
101,1,SD990469 ,44331
101,1,SD990471 ,44331
101,1,SD990472 ,44331
101,1,SD990473 ,25000
101,1,SD990475 ,44331
101,1,SD990481 ,44331
101,1,SD990482 ,44331
101,1,SD990483 ,44331
101,1,SD990484 ,52331
101,1,SD990486 ,44331
101,1,SD990490 ,44331
101,1,SD990493 ,44331
101,1,SD990494 ,44331
101,1,SD990496 ,44331
101,1,SD990499 ,44331
101,1,SD990503 ,44331
101,1,SD990504 ,16512
101,1,SD990505 ,44331
101,1,SD990508 ,44331
101,1,SD990511 ,56231
101,1,SD990520 ,59231
101,1,SD990525 ,44331
101,1,SD990527 ,47331
101,1,SD990532 ,44331
101,1,SD990534 ,44331
101,1,SD990537 ,44331
101,1,SD990539 ,44331
101,1,SD990545 ,44331
101,1,SD990546 ,44331
101,1,SD990547 ,44331
101,1,SD990550 ,56231
101,1,SD990556 ,44331
101,1,SD990565 ,44331
101,1,SD990567 ,44331
101,1,SD990570 ,44331
101,1,SD990574 ,44331
101,1,SD990576 ,59231
101,1,SD990578 ,52331
101,1,SD990600 ,45206
101,1,SD990602 ,55206
101,1,SD990604 ,45206
101,1,SD990607 ,45206
101,1,SD990610 ,45206
101,1,SD990611 ,45206
101,1,SD990612 ,45206
101,1,SD990614 ,45206
101,1,SD990616 ,45206
101,1,SD990618 ,45206
101,1,SD990620 ,45206
101,1,SD990626 ,54900
101,1,SD990629 ,45206
101,1,SD990630 ,45206
101,1,SD990631 ,48206
101,1,SD990636 ,45206
101,1,SD990642 ,48206
101,1,SD990647 ,45206
101,1,SD990650 ,45206
101,1,SD990652 ,35849
101,1,SD990655 ,45206
101,1,SD990657 ,45206
101,1,SD990659 ,55206
101,1,SD990661 ,45206
101,1,SD990662 ,45206
101,1,SD990663 ,45206
101,1,SD990666 ,45206
101,1,SD990668 ,45206
101,1,SD990671 ,45206
101,1,SD990673 ,45206
101,1,SD990675 ,45206
101,1,SD990678 ,45206
101,1,SD990679 ,45206
101,1,SD990686 ,45206
101,1,SD990687 ,44331
101,1,SD990689 ,45206
101,1,SD990690 ,45206
101,1,SD990691 ,45206
101,1,SD990692 ,45206
101,1,SD990696 ,45206
101,1,SD990698 ,45206
101,1,SD990702 ,45206
101,1,SD990704 ,24802
101,1,SD990709 ,23000
101,1,SD990711 ,45206
101,1,SD990712 ,45206
101,1,SD990714 ,45206
101,1,SD990716 ,45206
101,1,SD990717 ,45206
101,1,SD990718 ,14387
101,1,SD990720 ,45206
101,1,SD990727 ,45206
101,1,SD990732 ,57106
101,1,SD990733 ,44027
101,1,SD990737 ,45206
101,1,SD990742 ,45206
101,1,SD990743 ,45206
101,1,SD990746 ,45206
101,1,SD990749 ,27595
101,1,SD990756 ,14387
101,1,SD990760 ,45206
101,1,SD990765 ,44331
101,1,SD990770 ,44331
101,1,SD990771 ,44331
101,1,SD990772 ,44331
101,1,SD990775 ,44331
101,1,SD990779 ,47331
101,1,SD990787 ,44331
101,1,SD990788 ,44331
101,1,SD990791 ,44331
101,1,SD990793 ,44331
101,1,SD990797 ,44331
101,1,SD990798 ,44331
101,1,SD990801 ,44331
101,1,SD990802 ,44331
101,1,SD990806 ,44331
101,1,SD990811 ,44331
101,1,SD990819 ,44331
101,1,SD990820 ,44331
101,1,SD990822 ,47331
101,1,SD990829 ,44331
101,1,SD990830 ,44331
101,1,SD990833 ,47331
101,1,SD990840 ,44331
101,1,SD990844 ,44331
101,1,SD990854 ,44331
101,1,SD990855 ,44331
101,1,SD990860 ,44331
101,1,SD990861 ,44331
101,1,SD990863 ,44331
101,1,SD990866 ,44331
101,1,SD990869 ,44331
101,1,SD990870 ,44331
101,1,SD990873 ,47331
101,1,SD990875 ,44331
101,2,SD1000245,44331
101,2,SD1000247,44331
101,2,SD1000248,22331
101,2,SD1000250,30000
101,2,SD1000253,44331
101,2,SD1000254,32331
101,2,SD1000261,23926
101,2,SD1000264,56231
101,2,SD1000270,44331
101,2,SD1000271,12331
101,2,SD1000273,21231
101,2,SD1000274,9331
101,2,SD1000275,39231
101,2,SD1000279,44331
101,2,SD1000283,9331
101,2,SD1000289,44331
101,2,SD1000299,44331
101,2,SD1000301,44331
101,2,SD1000303,44331
101,2,SD1000307,44331
101,2,SD1000309,44331
101,2,SD1000312,9331
101,2,SD1000313,44331
101,2,SD1000315,44331
101,2,SD1000318,22331
101,2,SD1000320,47331
101,2,SD1000323,9331
101,2,SD1000329,44331
101,2,SD1000334,44331
101,2,SD1000335,17331
101,2,SD1000338,27331
101,2,SD1000342,44331
101,2,SD1000344,44331
101,2,SD1000347,44331
101,2,SD1000349,56331
101,2,SD1000351,12331
101,2,SD1000357,25331
101,2,SD1000358,44331
101,2,SD1000367,44331
101,2,SD1000368,47331
101,2,SD1000371,11900
101,2,SD1000378,44331
101,2,SD1000380,22331
101,2,SD1000381,44331
101,2,SD1000390,44331
101,2,SD1000391,44331
101,2,SD1000395,44331
101,2,SD1000404,44331
101,2,SD1000405,22331
101,2,SD1000408,24231
101,2,SD1000411,44331
101,2,SD1000414,17331
101,2,SD1000417,44331
101,2,SD1000418,9331
101,2,SD1000426,17331
101,2,SD1000427,24231
101,2,SD1000452,44331
101,2,SD1000457,17331
101,2,SD1000460,44331
101,2,SD1000461,44331
101,2,SD1000463,44331
101,2,SD1000466,9331
101,2,SD1000468,44331
101,2,SD1000471,44331
101,2,SD1000475,44331
101,2,SD1000478,12331
101,2,SD1000479,44331
101,2,SD1000482,44331
101,2,SD1000483,44331
101,2,SD1000492,44331
101,2,SD1000494,44331
101,2,SD1000495,9331
101,2,SD1000496,12331
101,2,SD1000497,17331
101,2,SD1000512,32331
101,2,SD1000515,9331
101,2,SD1000522,44331
101,2,SD1000527,44331
101,2,SD1000528,9331
101,2,SD1000530,29231
101,2,SD1000531,44331
101,2,SD1000532,9331
101,2,SD1000534,21231
101,2,SD1000536,26720
101,2,SD1000537,9331
101,2,SD1000540,40123
101,2,SD1000545,44331
101,2,SD1000547,52331
101,2,SD1000551,44331
101,2,SD1000553,40000
101,2,SD1000557,44331
101,2,SD1000559,44331
101,2,SD1000560,47331
101,2,SD1000561,44331
101,2,SD1000564,44331
101,2,SD1000565,9331
101,2,SD1000577,44331
101,2,SD1000581,44331
101,2,SD1000583,9331
101,2,SD1000586,9331
101,2,SD1000589,44331
101,2,SD1000591,23673
101,2,SD1000593,40620
101,2,SD1000594,44331
101,2,SD1000604,44331
101,2,SD1000609,44331
101,2,SD1000610,9331
101,2,SD1000613,32331
101,2,SD1000617,44331
101,2,SD1000620,44331
101,2,SD1000621,44331
101,2,SD1000625,44331
101,2,SD1000628,9331
101,2,SD1000636,23949
101,2,SD1000654,45206
101,2,SD1000656,18206
101,2,SD1000664,45206
101,2,SD1000668,10206
101,2,SD1000674,45206
101,2,SD1000676,45206
101,2,SD1000680,45206
101,2,SD1000683,48206
101,2,SD1000684,44331
101,2,SD1000686,45206
101,2,SD1000689,45206
101,2,SD1000690,45206
101,2,SD1000697,44331
101,2,SD1000701,23074
101,2,SD1000706,45206
101,2,SD1000707,45206
101,2,SD1000709,14387
101,2,SD1000711,56206
101,2,SD1000712,47331
101,2,SD1000713,10206
101,2,SD1000714,45206
101,2,SD1000718,24801
101,2,SD1000719,45206
101,2,SD1000721,45206
101,2,SD1000726,45206
101,2,SD1000732,45206
101,2,SD1000737,44331
101,2,SD1000740,53206
101,2,SD1000743,45206
101,2,SD1000752,45206
101,2,SD1000755,45206
101,2,SD1000756,45206
101,2,SD1000766,31072
101,2,SD1000773,45206
101,2,SD1000778,45206
101,2,SD1000779,45206
101,2,SD1000782,27595
101,2,SD1000783,45206
101,2,SD1000794,10206
101,2,SD1000796,45206
101,2,SD1000797,10206
101,2,SD1000798,44331
101,2,SD1000799,10206
101,2,SD1000801,45206
101,2,SD1000805,21206
101,2,SD1000807,48206
101,2,SD1000809,45206
101,2,SD1000815,53206
101,2,SD1000817,45206
101,2,SD1000823,44331
101,2,SD1000831,44331
101,2,SD1000835,44331
101,2,SD1000840,44331
101,2,SD1000846,44331
101,2,SD1000847,40000
101,2,SD1000850,9331
101,2,SD1000851,44331
101,2,SD1000854,17331
101,2,SD1000855,44331
101,2,SD1000857,44331
101,2,SD1000859,44331
101,2,SD1000861,44331
101,2,SD1000867,59231
101,2,SD1000871,44331
101,2,SD1000872,22331
101,2,SD1000876,56231
101,2,SD1000881,9331
101,2,SD1000889,44331
101,2,SD1000891,9331
101,2,SD1000892,44331
101,2,SD1000895,44331
101,2,SD1000897,44331
101,2,SD1000899,9331
101,2,SD1000900,44331
101,2,SD1000901,9331
101,2,SD1000902,44331
101,2,SD1000904,44331
101,2,SD1000907,44331
101,2,SD1000909,17331
101,2,SD1000910,44331
101,2,SD1000912,44331
101,2,SD1000913,43000
101,2,SD1000914,44331
101,2,SD1000919,44331
101,2,SD1000922,44331
101,2,SD1000925,44331
101,2,SD1000929,44331
101,2,SD1001004,13512
101,2,SD980238 ,44331
101,2,SD980240 ,44331
101,2,SD980242 ,249
101,2,SD980249 ,44331
101,2,SD980250 ,44331
101,2,SD980253 ,44331
101,2,SD980254 ,44331
101,2,SD980257 ,44331
101,2,SD980261 ,44331
101,2,SD980263 ,44331
101,2,SD980266 ,17331
101,2,SD980269 ,44331
101,2,SD980270 ,12331
101,2,SD980271 ,9331
101,2,SD980272 ,44331
101,2,SD980273 ,44331
101,2,SD980274 ,44331
101,2,SD980285 ,27331
101,2,SD980290 ,44331
101,2,SD980299 ,44331
101,2,SD980302 ,9331
101,2,SD980304 ,27331
101,2,SD980307 ,26720
101,2,SD980308 ,59231
101,2,SD980310 ,27331
101,2,SD980311 ,55331
101,2,SD980317 ,17331
101,2,SD980319 ,9331
101,2,SD980322 ,22331
101,2,SD980328 ,44331
101,2,SD980331 ,44331
101,2,SD980332 ,9331
101,2,SD980336 ,44331
101,2,SD980340 ,44331
101,2,SD980344 ,26720
101,2,SD980345 ,15148
101,2,SD980346 ,44331
101,2,SD980349 ,44331
101,2,SD980352 ,36082
101,2,SD980357 ,44331
101,2,SD980359 ,44331
101,2,SD980368 ,9331
101,2,SD980370 ,44331
101,2,SD980374 ,44331
101,2,SD980377 ,44331
101,2,SD980385 ,22331
101,2,SD980386 ,44331
101,2,SD980390 ,44331
101,2,SD980391 ,44331
101,2,SD980393 ,44331
101,2,SD980395 ,9331
101,2,SD980396 ,12331
101,2,SD980398 ,44331
101,2,SD980399 ,44331
101,2,SD980402 ,28331
101,2,SD980403 ,23926
101,2,SD980407 ,54123
101,2,SD980413 ,44331
101,2,SD980418 ,44331
101,2,SD980419 ,44331
101,2,SD980421 ,22331
101,2,SD980423 ,44331
101,2,SD980425 ,9331
101,2,SD980427 ,22331
101,2,SD980428 ,44331
101,2,SD980433 ,14731
101,2,SD980437 ,44331
101,2,SD980443 ,44331
101,2,SD980449 ,47331
101,2,SD980452 ,17331
101,2,SD980454 ,12331
101,2,SD980455 ,44331
101,2,SD980457 ,52331
101,2,SD980459 ,9331
101,2,SD980460 ,23926
101,2,SD980465 ,17915
101,2,SD980472 ,9331
101,2,SD980477 ,44331
101,2,SD980488 ,44331
101,2,SD980490 ,44331
101,2,SD980491 ,44331
101,2,SD980495 ,44331
101,2,SD980496 ,44331
101,2,SD980498 ,44331
101,2,SD980499 ,22331
101,2,SD980500 ,44331
101,2,SD980514 ,9331
101,2,SD980515 ,38826
101,2,SD980518 ,44331
101,2,SD980519 ,44331
101,2,SD980520 ,44331
101,2,SD980521 ,26720
101,2,SD980525 ,44331
101,2,SD980533 ,9331
101,2,SD980537 ,44331
101,2,SD980538 ,44331
101,2,SD980540 ,44331
101,2,SD980549 ,31123
101,2,SD980552 ,9331
101,2,SD980557 ,44331
101,2,SD980558 ,44331
101,2,SD980562 ,9331
101,2,SD980563 ,32331
101,2,SD980566 ,44331
101,2,SD980571 ,9331
101,2,SD980573 ,44331
101,2,SD980576 ,44331
101,2,SD980580 ,47331
101,2,SD980583 ,44331
101,2,SD980589 ,45206
101,2,SD980591 ,45206
101,2,SD980597 ,13206
101,2,SD980603 ,45206
101,2,SD980607 ,45206
101,2,SD980609 ,23206
101,2,SD980617 ,18206
101,2,SD980620 ,45206
101,2,SD980626 ,45206
101,2,SD980638 ,45206
101,2,SD980641 ,23206
101,2,SD980647 ,45206
101,2,SD980651 ,45206
101,2,SD980653 ,45206
101,2,SD980660 ,45206
101,2,SD980661 ,10206
101,2,SD980664 ,45206
101,2,SD980676 ,10206
101,2,SD980685 ,18206
101,2,SD980690 ,45206
101,2,SD980692 ,45206
101,2,SD980694 ,45206
101,2,SD980697 ,27595
101,2,SD980703 ,10206
101,2,SD980704 ,45206
101,2,SD980712 ,45206
101,2,SD980713 ,45206
101,2,SD980715 ,45206
101,2,SD980719 ,27595
101,2,SD980723 ,10206
101,2,SD980725 ,45206
101,2,SD980729 ,28206
101,2,SD980742 ,45206
101,2,SD980761 ,44331
101,2,SD980763 ,44331
101,2,SD980765 ,44331
101,2,SD980768 ,47331
101,2,SD980783 ,44331
101,2,SD980785 ,57331
101,2,SD980787 ,44331
101,2,SD980789 ,44331
101,2,SD980794 ,17331
101,2,SD980797 ,44331
101,2,SD980799 ,17331
101,2,SD980805 ,44331
101,2,SD980821 ,44331
101,2,SD980822 ,44331
101,2,SD980824 ,44331
101,2,SD980834 ,44331
101,2,SD980837 ,44331
101,2,SD980838 ,44331
101,2,SD980843 ,44331
101,2,SD980850 ,9331
101,2,SD980851 ,26720
101,2,SD980852 ,44331
101,2,SD980853 ,9331
101,2,SD980858 ,44331
101,2,SD980859 ,22331
101,2,SD980865 ,44331
101,2,SD990239 ,44331
101,2,SD990240 ,44331
101,2,SD990244 ,47331
101,2,SD990245 ,44331
101,2,SD990246 ,44331
101,2,SD990250 ,56231
101,2,SD990252 ,44331
101,2,SD990257 ,44331
101,2,SD990262 ,9331
101,2,SD990265 ,44331
101,2,SD990267 ,44331
101,2,SD990279 ,9331
101,2,SD990282 ,44331
101,2,SD990283 ,22331
101,2,SD990285 ,44331
101,2,SD990313 ,9331
101,2,SD990319 ,22331
101,2,SD990325 ,34000
101,2,SD990326 ,44331
101,2,SD990333 ,44331
101,2,SD990337 ,9331
101,2,SD990342 ,9331
101,2,SD990344 ,44331
101,2,SD990354 ,44331
101,2,SD990356 ,9331
101,2,SD990357 ,44331
101,2,SD990360 ,44331
101,2,SD990364 ,44331
101,2,SD990366 ,22331
101,2,SD990375 ,44331
101,2,SD990376 ,13512
101,2,SD990377 ,44331
101,2,SD990378 ,30819
101,2,SD990394 ,44331
101,2,SD990399 ,44331
101,2,SD990400 ,44331
101,2,SD990401 ,44331
101,2,SD990404 ,9331
101,2,SD990408 ,44331
101,2,SD990411 ,9331
101,2,SD990413 ,44331
101,2,SD990418 ,9331
101,2,SD990421 ,0
101,2,SD990425 ,44331
101,2,SD990430 ,44331
101,2,SD990433 ,26720
101,2,SD990435 ,9331
101,2,SD990436 ,9331
101,2,SD990444 ,12331
101,2,SD990450 ,37720
101,2,SD990463 ,17331
101,2,SD990464 ,44331
101,2,SD990469 ,22331
101,2,SD990471 ,44331
101,2,SD990472 ,44331
101,2,SD990473 ,17331
101,2,SD990475 ,17331
101,2,SD990482 ,9331
101,2,SD990484 ,17331
101,2,SD990486 ,44331
101,2,SD990490 ,44331
101,2,SD990491 ,44331
101,2,SD990493 ,44331
101,2,SD990494 ,9331
101,2,SD990496 ,44331
101,2,SD990499 ,44331
101,2,SD990503 ,9331
101,2,SD990504 ,16512
101,2,SD990505 ,9331
101,2,SD990508 ,44331
101,2,SD990520 ,59231
101,2,SD990523 ,44331
101,2,SD990525 ,44331
101,2,SD990539 ,9331
101,2,SD990545 ,44331
101,2,SD990546 ,9331
101,2,SD990547 ,44331
101,2,SD990550 ,56231
101,2,SD990556 ,44331
101,2,SD990565 ,44331
101,2,SD990567 ,44331
101,2,SD990570 ,44331
101,2,SD990574 ,44331
101,2,SD990576 ,44331
101,2,SD990600 ,45206
101,2,SD990601 ,45206
101,2,SD990602 ,40106
101,2,SD990604 ,45206
101,2,SD990610 ,45206
101,2,SD990611 ,23206
101,2,SD990612 ,45206
101,2,SD990614 ,10206
101,2,SD990616 ,10206
101,2,SD990618 ,10206
101,2,SD990620 ,10206
101,2,SD990630 ,45206
101,2,SD990631 ,48206
101,2,SD990636 ,45206
101,2,SD990642 ,48206
101,2,SD990647 ,45206
101,2,SD990650 ,10206
101,2,SD990652 ,3949
101,2,SD990655 ,45206
101,2,SD990659 ,22106
101,2,SD990661 ,10206
101,2,SD990662 ,28206
101,2,SD990663 ,45206
101,2,SD990666 ,10206
101,2,SD990668 ,45206
101,2,SD990675 ,45206
101,2,SD990678 ,45206
101,2,SD990679 ,45206
101,2,SD990687 ,17331
101,2,SD990689 ,10206
101,2,SD990690 ,33206
101,2,SD990691 ,45206
101,2,SD990692 ,45206
101,2,SD990698 ,45206
101,2,SD990704 ,24801
101,2,SD990714 ,10206
101,2,SD990717 ,28206
101,2,SD990727 ,45206
101,2,SD990729 ,45206
101,2,SD990732 ,22106
101,2,SD990737 ,18206
101,2,SD990742 ,23206
101,2,SD990743 ,45206
101,2,SD990746 ,45206
101,2,SD990749 ,27595
101,2,SD990760 ,10206
101,2,SD990765 ,44331
101,2,SD990771 ,44331
101,2,SD990772 ,44331
101,2,SD990779 ,12331
101,2,SD990786 ,44331
101,2,SD990787 ,44331
101,2,SD990788 ,44331
101,2,SD990791 ,44331
101,2,SD990793 ,44331
101,2,SD990797 ,44331
101,2,SD990798 ,44331
101,2,SD990801 ,44331
101,2,SD990802 ,44331
101,2,SD990806 ,44331
101,2,SD990811 ,17331
101,2,SD990819 ,44331
101,2,SD990820 ,44331
101,2,SD990822 ,47331
101,2,SD990824 ,55331
101,2,SD990829 ,44331
101,2,SD990833 ,47331
101,2,SD990840 ,22331
101,2,SD990844 ,44331
101,2,SD990854 ,44331
101,2,SD990855 ,27331
101,2,SD990860 ,44331
101,2,SD990861 ,9331
101,2,SD990863 ,44331
101,2,SD990866 ,44331
101,2,SD990869 ,44331
101,2,SD990873 ,47331
101,2,SD990875 ,44331
102,1,SD1000245,44331
102,1,SD1000247,44331
102,1,SD1000248,44331
102,1,SD1000253,44331
102,1,SD1000254,44331
102,1,SD1000261,23927
102,1,SD1000264,44331
102,1,SD1000270,44331
102,1,SD1000271,47331
102,1,SD1000273,44331
102,1,SD1000274,44331
102,1,SD1000275,56231
102,1,SD1000276,44331
102,1,SD1000279,44331
102,1,SD1000283,44331
102,1,SD1000289,44331
102,1,SD1000299,44331
102,1,SD1000300,44331
102,1,SD1000301,44331
102,1,SD1000303,44331
102,1,SD1000307,44331
102,1,SD1000309,44331
102,1,SD1000312,44331
102,1,SD1000313,44331
102,1,SD1000315,44331
102,1,SD1000316,44331
102,1,SD1000318,44331
102,1,SD1000320,47331
102,1,SD1000323,44331
102,1,SD1000329,44331
102,1,SD1000334,44331
102,1,SD1000335,44331
102,1,SD1000336,36082
102,1,SD1000337,44331
102,1,SD1000338,44331
102,1,SD1000342,44331
102,1,SD1000344,44331
102,1,SD1000347,44331
102,1,SD1000351,47331
102,1,SD1000355,44331
102,1,SD1000357,44331
102,1,SD1000358,44331
102,1,SD1000367,44331
102,1,SD1000368,47331
102,1,SD1000371,31074
102,1,SD1000377,44331
102,1,SD1000378,44331
102,1,SD1000380,44331
102,1,SD1000381,44331
102,1,SD1000390,44331
102,1,SD1000391,44331
102,1,SD1000394,44331
102,1,SD1000405,44331
102,1,SD1000408,59231
102,1,SD1000411,44331
102,1,SD1000414,44331
102,1,SD1000417,47331
102,1,SD1000418,44331
102,1,SD1000421,44331
102,1,SD1000427,47331
102,1,SD1000440,44331
102,1,SD1000452,44331
102,1,SD1000456,44331
102,1,SD1000457,44331
102,1,SD1000460,44331
102,1,SD1000461,44331
102,1,SD1000463,44331
102,1,SD1000466,44331
102,1,SD1000468,44331
102,1,SD1000471,44331
102,1,SD1000472,17915
102,1,SD1000475,44331
102,1,SD1000478,47331
102,1,SD1000479,44331
102,1,SD1000482,44331
102,1,SD1000483,44331
102,1,SD1000492,44331
102,1,SD1000494,44331
102,1,SD1000495,44331
102,1,SD1000496,47331
102,1,SD1000497,44331
102,1,SD1000515,44331
102,1,SD1000521,44331
102,1,SD1000522,44331
102,1,SD1000527,44331
102,1,SD1000528,44331
102,1,SD1000530,56231
102,1,SD1000531,44331
102,1,SD1000532,44331
102,1,SD1000534,56231
102,1,SD1000536,26720
102,1,SD1000537,44331
102,1,SD1000540,43123
102,1,SD1000544,44331
102,1,SD1000545,44331
102,1,SD1000547,52331
102,1,SD1000548,44331
102,1,SD1000551,44331
102,1,SD1000555,44331
102,1,SD1000556,44331
102,1,SD1000557,44331
102,1,SD1000558,44331
102,1,SD1000559,44331
102,1,SD1000560,44331
102,1,SD1000561,44331
102,1,SD1000564,44331
102,1,SD1000565,44331
102,1,SD1000571,44000
102,1,SD1000577,44331
102,1,SD1000581,44331
102,1,SD1000583,44331
102,1,SD1000586,44331
102,1,SD1000589,44331
102,1,SD1000591,23927
102,1,SD1000593,41620
102,1,SD1000594,44331
102,1,SD1000604,44331
102,1,SD1000607,44331
102,1,SD1000609,44331
102,1,SD1000610,44331
102,1,SD1000613,44331
102,1,SD1000617,44331
102,1,SD1000620,44331
102,1,SD1000621,44331
102,1,SD1000628,44331
102,1,SD1000629,44331
102,1,SD1000636,23949
102,1,SD1000648,45206
102,1,SD1000649,45206
102,1,SD1000654,45206
102,1,SD1000656,45206
102,1,SD1000660,45206
102,1,SD1000664,45206
102,1,SD1000668,45206
102,1,SD1000674,45206
102,1,SD1000676,45206
102,1,SD1000680,45206
102,1,SD1000683,48206
102,1,SD1000684,44331
102,1,SD1000686,45206
102,1,SD1000689,45206
102,1,SD1000690,45206
102,1,SD1000706,45206
102,1,SD1000707,45206
102,1,SD1000709,14387
102,1,SD1000711,56206
102,1,SD1000712,47331
102,1,SD1000713,45206
102,1,SD1000714,45206
102,1,SD1000718,24802
102,1,SD1000719,45206
102,1,SD1000721,45206
102,1,SD1000726,45206
102,1,SD1000732,45206
102,1,SD1000737,44331
102,1,SD1000740,45206
102,1,SD1000742,45206
102,1,SD1000752,45206
102,1,SD1000755,45206
102,1,SD1000756,45206
102,1,SD1000766,31073
102,1,SD1000773,45206
102,1,SD1000778,45206
102,1,SD1000779,45206
102,1,SD1000782,27595
102,1,SD1000783,45206
102,1,SD1000794,45206
102,1,SD1000796,45206
102,1,SD1000797,45206
102,1,SD1000798,44331
102,1,SD1000799,45206
102,1,SD1000801,45206
102,1,SD1000803,45206
102,1,SD1000805,48206
102,1,SD1000807,48206
102,1,SD1000812,45206
102,1,SD1000815,45206
102,1,SD1000817,45206
102,1,SD1000823,44331
102,1,SD1000829,47331
102,1,SD1000831,44331
102,1,SD1000835,44331
102,1,SD1000840,44331
102,1,SD1000846,44331
102,1,SD1000847,44331
102,1,SD1000850,44331
102,1,SD1000851,54331
102,1,SD1000854,44331
102,1,SD1000855,44331
102,1,SD1000857,44331
102,1,SD1000859,44331
102,1,SD1000861,44331
102,1,SD1000862,44331
102,1,SD1000867,59231
102,1,SD1000871,44331
102,1,SD1000872,44331
102,1,SD1000875,44331
102,1,SD1000876,44331
102,1,SD1000881,44331
102,1,SD1000884,44331
102,1,SD1000889,44331
102,1,SD1000891,44331
102,1,SD1000892,44331
102,1,SD1000895,44331
102,1,SD1000897,44331
102,1,SD1000899,44331
102,1,SD1000900,44331
102,1,SD1000901,44331
102,1,SD1000902,44331
102,1,SD1000907,44331
102,1,SD1000909,44331
102,1,SD1000910,44331
102,1,SD1000912,44331
102,1,SD1000913,43192
102,1,SD1000914,44331
102,1,SD1000919,44331
102,1,SD1000922,44331
102,1,SD1000925,44331
102,1,SD1000929,44331
102,1,SD1001004,13512
102,1,SD980286 ,44331
102,1,SD980290 ,14179
102,1,SD980299 ,44331
102,1,SD980311 ,23312
102,1,SD980407 ,35890
102,1,SD980515 ,17734
102,1,SD980521 ,26720
102,1,SD980566 ,44331
102,1,SD980641 ,5156
102,1,SD980743 ,48206
102,1,SD990239 ,44331
102,1,SD990240 ,44331
102,1,SD990244 ,47331
102,1,SD990245 ,44331
102,1,SD990246 ,44331
102,1,SD990249 ,44331
102,1,SD990250 ,56231
102,1,SD990252 ,44331
102,1,SD990257 ,44331
102,1,SD990260 ,44331
102,1,SD990262 ,44331
102,1,SD990265 ,44331
102,1,SD990267 ,47331
102,1,SD990272 ,44331
102,1,SD990276 ,44331
102,1,SD990279 ,44331
102,1,SD990282 ,44331
102,1,SD990283 ,44331
102,1,SD990285 ,44331
102,1,SD990313 ,44331
102,1,SD990319 ,44331
102,1,SD990326 ,44331
102,1,SD990327 ,44331
102,1,SD990330 ,44331
102,1,SD990333 ,44331
102,1,SD990337 ,44331
102,1,SD990342 ,44331
102,1,SD990344 ,44331
102,1,SD990349 ,44331
102,1,SD990350 ,44331
102,1,SD990351 ,44331
102,1,SD990354 ,44331
102,1,SD990356 ,44331
102,1,SD990357 ,44331
102,1,SD990360 ,44331
102,1,SD990364 ,44331
102,1,SD990366 ,44331
102,1,SD990369 ,44331
102,1,SD990375 ,44331
102,1,SD990376 ,13512
102,1,SD990377 ,44331
102,1,SD990388 ,52331
102,1,SD990394 ,44331
102,1,SD990399 ,44331
102,1,SD990400 ,44331
102,1,SD990401 ,44331
102,1,SD990404 ,44331
102,1,SD990411 ,44331
102,1,SD990413 ,44331
102,1,SD990414 ,44331
102,1,SD990418 ,44331
102,1,SD990422 ,44331
102,1,SD990425 ,44331
102,1,SD990429 ,44331
102,1,SD990430 ,44331
102,1,SD990433 ,26720
102,1,SD990435 ,44331
102,1,SD990436 ,44331
102,1,SD990444 ,47331
102,1,SD990448 ,44331
102,1,SD990450 ,37720
102,1,SD990463 ,44331
102,1,SD990464 ,44331
102,1,SD990469 ,44331
102,1,SD990471 ,44331
102,1,SD990472 ,44331
102,1,SD990473 ,44331
102,1,SD990475 ,44331
102,1,SD990481 ,44331
102,1,SD990482 ,47331
102,1,SD990484 ,44331
102,1,SD990490 ,44331
102,1,SD990491 ,44331
102,1,SD990493 ,44331
102,1,SD990494 ,44331
102,1,SD990496 ,44331
102,1,SD990503 ,44331
102,1,SD990504 ,16512
102,1,SD990505 ,44331
102,1,SD990508 ,44331
102,1,SD990520 ,59231
102,1,SD990523 ,31123
102,1,SD990525 ,44331
102,1,SD990527 ,44331
102,1,SD990532 ,44331
102,1,SD990537 ,44331
102,1,SD990539 ,44331
102,1,SD990545 ,44331
102,1,SD990546 ,44331
102,1,SD990547 ,44331
102,1,SD990550 ,56231
102,1,SD990556 ,44331
102,1,SD990558 ,44331
102,1,SD990567 ,44331
102,1,SD990570 ,44331
102,1,SD990574 ,44331
102,1,SD990576 ,44331
102,1,SD990578 ,44331
102,1,SD990600 ,45206
102,1,SD990601 ,45206
102,1,SD990602 ,45206
102,1,SD990607 ,45206
102,1,SD990610 ,45000
102,1,SD990611 ,45206
102,1,SD990612 ,45206
102,1,SD990614 ,45206
102,1,SD990616 ,45206
102,1,SD990618 ,45206
102,1,SD990620 ,45206
102,1,SD990629 ,45206
102,1,SD990630 ,45206
102,1,SD990636 ,45206
102,1,SD990642 ,48206
102,1,SD990647 ,45206
102,1,SD990650 ,45206
102,1,SD990652 ,35849
102,1,SD990655 ,45206
102,1,SD990657 ,45206
102,1,SD990659 ,45206
102,1,SD990661 ,45206
102,1,SD990662 ,45206
102,1,SD990663 ,45206
102,1,SD990666 ,45206
102,1,SD990668 ,45206
102,1,SD990671 ,45206
102,1,SD990673 ,45206
102,1,SD990675 ,45206
102,1,SD990678 ,45206
102,1,SD990679 ,45206
102,1,SD990686 ,45206
102,1,SD990687 ,44331
102,1,SD990689 ,45206
102,1,SD990690 ,45206
102,1,SD990691 ,45206
102,1,SD990692 ,45206
102,1,SD990696 ,45206
102,1,SD990698 ,45206
102,1,SD990702 ,45206
102,1,SD990704 ,24802
102,1,SD990709 ,23000
102,1,SD990714 ,45206
102,1,SD990716 ,45206
102,1,SD990717 ,45206
102,1,SD990720 ,45206
102,1,SD990727 ,45206
102,1,SD990729 ,45206
102,1,SD990732 ,45206
102,1,SD990737 ,45206
102,1,SD990742 ,45206
102,1,SD990743 ,45206
102,1,SD990746 ,45206
102,1,SD990749 ,27595
102,1,SD990760 ,45206
102,1,SD990765 ,44331
102,1,SD990771 ,44331
102,1,SD990772 ,44331
102,1,SD990775 ,44331
102,1,SD990779 ,47331
102,1,SD990787 ,44331
102,1,SD990788 ,44331
102,1,SD990791 ,44331
102,1,SD990793 ,44331
102,1,SD990797 ,44331
102,1,SD990798 ,44331
102,1,SD990801 ,44331
102,1,SD990806 ,44331
102,1,SD990811 ,44331
102,1,SD990819 ,44331
102,1,SD990820 ,44331
102,1,SD990822 ,44331
102,1,SD990824 ,47331
102,1,SD990829 ,44331
102,1,SD990840 ,44331
102,1,SD990844 ,44331
102,1,SD990854 ,44331
102,1,SD990855 ,44331
102,1,SD990860 ,44331
102,1,SD990861 ,44331
102,1,SD990863 ,44331
102,1,SD990866 ,44331
102,1,SD990869 ,44331
102,1,SD990873 ,44331
102,1,SD990875 ,44331
102,2,SD1000245,44331
102,2,SD1000247,44331
102,2,SD1000248,22331
102,2,SD1000253,44331
102,2,SD1000261,23926
102,2,SD1000264,44331
102,2,SD1000270,44331
102,2,SD1000274,44331
102,2,SD1000275,44231
102,2,SD1000279,44331
102,2,SD1000283,9331
102,2,SD1000289,44331
102,2,SD1000299,44331
102,2,SD1000300,44331
102,2,SD1000301,44331
102,2,SD1000303,44331
102,2,SD1000304,44331
102,2,SD1000307,44331
102,2,SD1000309,44331
102,2,SD1000312,17331
102,2,SD1000313,44331
102,2,SD1000315,44331
102,2,SD1000320,44331
102,2,SD1000323,9331
102,2,SD1000329,44331
102,2,SD1000334,44331
102,2,SD1000335,27331
102,2,SD1000338,44331
102,2,SD1000342,44331
102,2,SD1000347,9331
102,2,SD1000351,20331
102,2,SD1000357,27331
102,2,SD1000358,44331
102,2,SD1000367,9331
102,2,SD1000368,12331
102,2,SD1000371,8000
102,2,SD1000377,9331
102,2,SD1000378,44331
102,2,SD1000380,44331
102,2,SD1000381,44331
102,2,SD1000390,9331
102,2,SD1000391,44331
102,2,SD1000394,44331
102,2,SD1000405,27331
102,2,SD1000408,24231
102,2,SD1000411,44331
102,2,SD1000414,44331
102,2,SD1000417,25331
102,2,SD1000418,9331
102,2,SD1000440,44331
102,2,SD1000452,44331
102,2,SD1000456,44331
102,2,SD1000457,17331
102,2,SD1000460,44331
102,2,SD1000461,44331
102,2,SD1000463,44331
102,2,SD1000466,9331
102,2,SD1000468,44331
102,2,SD1000471,44331
102,2,SD1000472,17915
102,2,SD1000475,26720
102,2,SD1000478,21231
102,2,SD1000479,44331
102,2,SD1000482,44331
102,2,SD1000483,44331
102,2,SD1000491,44331
102,2,SD1000492,44331
102,2,SD1000494,44331
102,2,SD1000495,9331
102,2,SD1000515,9331
102,2,SD1000522,44331
102,2,SD1000527,44331
102,2,SD1000528,9331
102,2,SD1000530,34231
102,2,SD1000531,44331
102,2,SD1000532,44331
102,2,SD1000534,21231
102,2,SD1000536,26720
102,2,SD1000537,9331
102,2,SD1000540,43123
102,2,SD1000544,44331
102,2,SD1000545,44331
102,2,SD1000547,52331
102,2,SD1000548,44331
102,2,SD1000551,22331
102,2,SD1000553,40000
102,2,SD1000555,44331
102,2,SD1000557,44331
102,2,SD1000559,44331
102,2,SD1000560,44331
102,2,SD1000564,44331
102,2,SD1000565,9331
102,2,SD1000577,44331
102,2,SD1000581,44331
102,2,SD1000586,44331
102,2,SD1000589,44331
102,2,SD1000591,23977
102,2,SD1000593,38620
102,2,SD1000594,44331
102,2,SD1000601,20000
102,2,SD1000604,44331
102,2,SD1000609,44331
102,2,SD1000610,9331
102,2,SD1000613,44331
102,2,SD1000617,44331
102,2,SD1000620,44331
102,2,SD1000621,44331
102,2,SD1000628,9331
102,2,SD1000636,23949
102,2,SD1000654,45206
102,2,SD1000656,18206
102,2,SD1000664,45206
102,2,SD1000668,10206
102,2,SD1000676,45206
102,2,SD1000680,45206
102,2,SD1000683,21206
102,2,SD1000684,27331
102,2,SD1000686,45206
102,2,SD1000689,45206
102,2,SD1000690,28206
102,2,SD1000706,45206
102,2,SD1000707,45206
102,2,SD1000709,14387
102,2,SD1000711,56206
102,2,SD1000712,12331
102,2,SD1000713,10206
102,2,SD1000714,45206
102,2,SD1000718,24851
102,2,SD1000719,10206
102,2,SD1000721,45206
102,2,SD1000726,45206
102,2,SD1000732,45206
102,2,SD1000740,28206
102,2,SD1000742,45206
102,2,SD1000752,45206
102,2,SD1000755,10206
102,2,SD1000756,45206
102,2,SD1000766,31072
102,2,SD1000767,45206
102,2,SD1000773,45206
102,2,SD1000778,45206
102,2,SD1000779,45206
102,2,SD1000782,27595
102,2,SD1000783,28206
102,2,SD1000794,10206
102,2,SD1000797,10206
102,2,SD1000798,44331
102,2,SD1000799,10206
102,2,SD1000801,45206
102,2,SD1000803,10206
102,2,SD1000805,23206
102,2,SD1000807,13206
102,2,SD1000817,45206
102,2,SD1000823,44331
102,2,SD1000829,47331
102,2,SD1000831,44331
102,2,SD1000835,44331
102,2,SD1000840,44331
102,2,SD1000846,44331
102,2,SD1000847,44331
102,2,SD1000851,44331
102,2,SD1000854,17331
102,2,SD1000855,44331
102,2,SD1000857,27331
102,2,SD1000859,9331
102,2,SD1000861,44331
102,2,SD1000862,44331
102,2,SD1000867,59231
102,2,SD1000871,44331
102,2,SD1000872,44331
102,2,SD1000876,44331
102,2,SD1000880,44331
102,2,SD1000881,22331
102,2,SD1000889,44331
102,2,SD1000892,44331
102,2,SD1000895,44331
102,2,SD1000897,44331
102,2,SD1000899,9331
102,2,SD1000900,44331
102,2,SD1000901,9331
102,2,SD1000902,44331
102,2,SD1000907,44331
102,2,SD1000909,27331
102,2,SD1000910,44331
102,2,SD1000912,44331
102,2,SD1000913,43247
102,2,SD1000914,44331
102,2,SD1000919,44331
102,2,SD1000922,44331
102,2,SD1000925,44331
102,2,SD1000929,9331
102,2,SD1001004,13512
102,2,SD980286 ,10312
102,2,SD980299 ,44331
102,2,SD980311 ,55331
102,2,SD980407 ,30734
102,2,SD980515 ,57331
102,2,SD980520 ,21345
102,2,SD980521 ,44331
102,2,SD980566 ,44331
102,2,SD980641 ,10312
102,2,SD980700 ,45206
102,2,SD990239 ,44331
102,2,SD990240 ,9331
102,2,SD990244 ,44331
102,2,SD990245 ,44331
102,2,SD990246 ,44331
102,2,SD990250 ,44331
102,2,SD990252 ,44331
102,2,SD990257 ,27331
102,2,SD990262 ,9331
102,2,SD990265 ,44331
102,2,SD990267 ,44331
102,2,SD990279 ,9331
102,2,SD990282 ,44331
102,2,SD990283 ,17331
102,2,SD990285 ,44331
102,2,SD990319 ,27331
102,2,SD990326 ,44331
102,2,SD990333 ,44331
102,2,SD990342 ,9331
102,2,SD990344 ,44331
102,2,SD990350 ,27331
102,2,SD990354 ,44331
102,2,SD990356 ,9331
102,2,SD990357 ,44331
102,2,SD990360 ,44331
102,2,SD990364 ,44331
102,2,SD990366 ,27331
102,2,SD990376 ,13512
102,2,SD990377 ,44331
102,2,SD990388 ,17331
102,2,SD990394 ,44331
102,2,SD990399 ,44331
102,2,SD990400 ,44331
102,2,SD990401 ,44331
102,2,SD990411 ,9331
102,2,SD990413 ,44331
102,2,SD990422 ,44331
102,2,SD990425 ,44331
102,2,SD990429 ,9331
102,2,SD990430 ,44331
102,2,SD990433 ,26720
102,2,SD990435 ,9331
102,2,SD990436 ,32331
102,2,SD990444 ,12331
102,2,SD990448 ,9331
102,2,SD990450 ,37720
102,2,SD990463 ,22331
102,2,SD990464 ,44331
102,2,SD990469 ,27331
102,2,SD990471 ,44331
102,2,SD990472 ,44331
102,2,SD990473 ,17331
102,2,SD990482 ,9331
102,2,SD990491 ,44331
102,2,SD990494 ,9331
102,2,SD990496 ,44331
102,2,SD990503 ,9331
102,2,SD990504 ,16512
102,2,SD990505 ,32331
102,2,SD990508 ,44331
102,2,SD990520 ,44331
102,2,SD990525 ,44331
102,2,SD990532 ,44331
102,2,SD990537 ,44331
102,2,SD990539 ,9331
102,2,SD990545 ,44331
102,2,SD990546 ,17331
102,2,SD990550 ,44331
102,2,SD990556 ,44331
102,2,SD990567 ,44331
102,2,SD990570 ,44331
102,2,SD990574 ,44331
102,2,SD990576 ,9331
102,2,SD990578 ,44331
102,2,SD990600 ,45206
102,2,SD990601 ,45206
102,2,SD990602 ,23206
102,2,SD990610 ,45206
102,2,SD990611 ,18206
102,2,SD990612 ,45206
102,2,SD990614 ,10206
102,2,SD990616 ,10000
102,2,SD990618 ,10206
102,2,SD990620 ,10206
102,2,SD990629 ,18206
102,2,SD990630 ,18206
102,2,SD990636 ,45206
102,2,SD990640 ,45206
102,2,SD990642 ,48206
102,2,SD990647 ,45206
102,2,SD990650 ,10206
102,2,SD990657 ,45206
102,2,SD990659 ,10206
102,2,SD990661 ,10206
102,2,SD990662 ,23206
102,2,SD990663 ,45206
102,2,SD990666 ,10206
102,2,SD990668 ,10206
102,2,SD990675 ,45206
102,2,SD990678 ,45206
102,2,SD990679 ,45206
102,2,SD990687 ,9331
102,2,SD990689 ,10206
102,2,SD990690 ,33206
102,2,SD990691 ,45206
102,2,SD990692 ,45206
102,2,SD990698 ,45206
102,2,SD990714 ,10206
102,2,SD990716 ,33206
102,2,SD990717 ,28206
102,2,SD990727 ,45206
102,2,SD990729 ,23206
102,2,SD990732 ,10206
102,2,SD990737 ,45206
102,2,SD990742 ,18206
102,2,SD990743 ,45206
102,2,SD990746 ,45206
102,2,SD990749 ,27595
102,2,SD990760 ,10206
102,2,SD990771 ,44331
102,2,SD990772 ,44331
102,2,SD990775 ,44331
102,2,SD990779 ,47331
102,2,SD990787 ,44331
102,2,SD990788 ,44331
102,2,SD990791 ,44331
102,2,SD990793 ,44331
102,2,SD990797 ,44331
102,2,SD990798 ,44331
102,2,SD990801 ,44331
102,2,SD990806 ,44331
102,2,SD990811 ,9331
102,2,SD990819 ,44331
102,2,SD990820 ,44331
102,2,SD990824 ,47331
102,2,SD990829 ,44331
102,2,SD990840 ,17331
102,2,SD990844 ,44331
102,2,SD990854 ,44331
102,2,SD990855 ,44331
102,2,SD990860 ,44331
102,2,SD990861 ,9331
102,2,SD990863 ,44331
102,2,SD990866 ,44331
102,2,SD990869 ,44331
102,2,SD990873 ,44331
102,2,SD990875 ,22331
103,1,SD1000245,44928
103,1,SD1000247,44928
103,1,SD1000248,44928
103,1,SD1000250,30000
103,1,SD1000253,44928
103,1,SD1000261,24524
103,1,SD1000264,44928
103,1,SD1000273,44928
103,1,SD1000274,44928
103,1,SD1000276,56828
103,1,SD1000279,44928
103,1,SD1000283,44928
103,1,SD1000289,44928
103,1,SD1000299,44928
103,1,SD1000300,44928
103,1,SD1000301,44928
103,1,SD1000303,44928
103,1,SD1000304,44928
103,1,SD1000307,44928
103,1,SD1000309,44928
103,1,SD1000312,44928
103,1,SD1000313,44928
103,1,SD1000315,44928
103,1,SD1000320,44928
103,1,SD1000323,44928
103,1,SD1000329,44928
103,1,SD1000334,44928
103,1,SD1000335,44928
103,1,SD1000336,44928
103,1,SD1000337,44928
103,1,SD1000342,44928
103,1,SD1000344,44928
103,1,SD1000347,44928
103,1,SD1000351,47928
103,1,SD1000355,44928
103,1,SD1000357,44928
103,1,SD1000358,44928
103,1,SD1000367,44928
103,1,SD1000368,47928
103,1,SD1000371,31068
103,1,SD1000377,44928
103,1,SD1000378,44928
103,1,SD1000380,44928
103,1,SD1000381,56828
103,1,SD1000390,44928
103,1,SD1000391,44928
103,1,SD1000394,44928
103,1,SD1000400,44928
103,1,SD1000405,44928
103,1,SD1000408,44928
103,1,SD1000412,44928
103,1,SD1000414,44928
103,1,SD1000417,47928
103,1,SD1000418,44928
103,1,SD1000421,44928
103,1,SD1000427,59828
103,1,SD1000440,44928
103,1,SD1000452,44928
103,1,SD1000456,44928
103,1,SD1000457,44928
103,1,SD1000460,44928
103,1,SD1000461,44928
103,1,SD1000463,44928
103,1,SD1000466,44928
103,1,SD1000468,44928
103,1,SD1000471,44928
103,1,SD1000472,44928
103,1,SD1000475,27076
103,1,SD1000478,59828
103,1,SD1000482,44928
103,1,SD1000483,44928
103,1,SD1000492,44928
103,1,SD1000495,44928
103,1,SD1000515,44928
103,1,SD1000522,44928
103,1,SD1000527,44928
103,1,SD1000528,44928
103,1,SD1000530,56828
103,1,SD1000531,44928
103,1,SD1000532,44928
103,1,SD1000534,56828
103,1,SD1000536,27076
103,1,SD1000537,44928
103,1,SD1000540,30242
103,1,SD1000544,44928
103,1,SD1000545,44928
103,1,SD1000547,44928
103,1,SD1000551,44928
103,1,SD1000557,44928
103,1,SD1000558,44928
103,1,SD1000559,44928
103,1,SD1000560,44928
103,1,SD1000564,44928
103,1,SD1000565,44928
103,1,SD1000577,44928
103,1,SD1000581,44928
103,1,SD1000583,44928
103,1,SD1000586,44928
103,1,SD1000589,44928
103,1,SD1000593,38976
103,1,SD1000594,44928
103,1,SD1000601,36000
103,1,SD1000604,44928
103,1,SD1000607,44928
103,1,SD1000610,44928
103,1,SD1000613,44928
103,1,SD1000617,44928
103,1,SD1000620,44928
103,1,SD1000621,44928
103,1,SD1000628,44928
103,1,SD1000629,44928
103,1,SD1000636,23955
103,1,SD1000644,45815
103,1,SD1000648,45815
103,1,SD1000649,45815
103,1,SD1000654,45815
103,1,SD1000656,45815
103,1,SD1000660,45815
103,1,SD1000664,45815
103,1,SD1000668,45815
103,1,SD1000674,44928
103,1,SD1000676,45815
103,1,SD1000680,45815
103,1,SD1000683,48815
103,1,SD1000684,44928
103,1,SD1000686,45815
103,1,SD1000689,45815
103,1,SD1000690,45815
103,1,SD1000706,45815
103,1,SD1000707,45815
103,1,SD1000709,14574
103,1,SD1000711,48815
103,1,SD1000712,47928
103,1,SD1000713,45815
103,1,SD1000714,45815
103,1,SD1000718,25411
103,1,SD1000719,45815
103,1,SD1000721,45815
103,1,SD1000726,45815
103,1,SD1000732,45815
103,1,SD1000740,45815
103,1,SD1000752,45815
103,1,SD1000755,45815
103,1,SD1000756,45815
103,1,SD1000766,31079
103,1,SD1000767,45815
103,1,SD1000773,45815
103,1,SD1000778,45815
103,1,SD1000779,45815
103,1,SD1000782,27963
103,1,SD1000783,45815
103,1,SD1000794,45815
103,1,SD1000796,45815
103,1,SD1000797,45815
103,1,SD1000798,44928
103,1,SD1000799,45815
103,1,SD1000801,45815
103,1,SD1000803,45815
103,1,SD1000805,45815
103,1,SD1000807,45815
103,1,SD1000812,45815
103,1,SD1000817,45815
103,1,SD1000823,44928
103,1,SD1000829,47928
103,1,SD1000831,44928
103,1,SD1000835,44928
103,1,SD1000840,44928
103,1,SD1000846,44928
103,1,SD1000847,44928
103,1,SD1000850,44928
103,1,SD1000851,56828
103,1,SD1000854,44928
103,1,SD1000855,44928
103,1,SD1000857,44928
103,1,SD1000859,44928
103,1,SD1000861,44928
103,1,SD1000862,44928
103,1,SD1000867,59828
103,1,SD1000871,44928
103,1,SD1000872,44928
103,1,SD1000875,44928
103,1,SD1000880,40000
103,1,SD1000881,44928
103,1,SD1000884,44928
103,1,SD1000889,44928
103,1,SD1000892,44928
103,1,SD1000895,44928
103,1,SD1000897,44928
103,1,SD1000899,44928
103,1,SD1000900,44928
103,1,SD1000901,44928
103,1,SD1000902,44928
103,1,SD1000907,44928
103,1,SD1000909,44928
103,1,SD1000910,44928
103,1,SD1000912,44928
103,1,SD1000913,40242
103,1,SD1000914,44928
103,1,SD1000919,44928
103,1,SD1000922,44928
103,1,SD1000925,44928
103,1,SD1000929,44928
103,1,SD1001004,13687
103,1,SD980250 ,46928
103,1,SD980521 ,44928
103,1,SD980738 ,45815
103,1,SD990400 ,44928
103,1,SD990433 ,44928
103,1,SD990499 ,44928
103,1,SD990640 ,45815
103,1,SD990657 ,44928
103,1,SD990861 ,6575
103,1,SD990866 ,5260
103,2,SD1000245,43317
103,2,SD1000247,44928
103,2,SD1000253,44928
103,2,SD1000264,44928
103,2,SD1000274,9928
103,2,SD1000276,24828
103,2,SD1000283,9928
103,2,SD1000289,43317
103,2,SD1000299,44928
103,2,SD1000301,44928
103,2,SD1000303,8317
103,2,SD1000304,44928
103,2,SD1000307,44928
103,2,SD1000309,44928
103,2,SD1000312,44928
103,2,SD1000313,44928
103,2,SD1000315,44928
103,2,SD1000320,44928
103,2,SD1000323,9928
103,2,SD1000329,44928
103,2,SD1000334,44928
103,2,SD1000335,27928
103,2,SD1000336,9928
103,2,SD1000338,37828
103,2,SD1000342,44928
103,2,SD1000347,9928
103,2,SD1000351,20928
103,2,SD1000357,21317
103,2,SD1000358,44928
103,2,SD1000367,44928
103,2,SD1000368,12928
103,2,SD1000371,8000
103,2,SD1000377,9928
103,2,SD1000378,44928
103,2,SD1000380,43317
103,2,SD1000381,59828
103,2,SD1000391,43317
103,2,SD1000400,44928
103,2,SD1000405,22928
103,2,SD1000408,20217
103,2,SD1000412,43317
103,2,SD1000414,44928
103,2,SD1000418,43317
103,2,SD1000427,24828
103,2,SD1000440,44928
103,2,SD1000452,44928
103,2,SD1000456,43317
103,2,SD1000457,8317
103,2,SD1000460,43317
103,2,SD1000461,43317
103,2,SD1000463,44928
103,2,SD1000466,9928
103,2,SD1000468,44928
103,2,SD1000471,43317
103,2,SD1000472,21317
103,2,SD1000475,26109
103,2,SD1000478,23217
103,2,SD1000482,44928
103,2,SD1000483,9928
103,2,SD1000492,43317
103,2,SD1000495,8317
103,2,SD1000511,39539
103,2,SD1000515,8317
103,2,SD1000522,43317
103,2,SD1000527,58217
103,2,SD1000530,25928
103,2,SD1000531,44928
103,2,SD1000532,9928
103,2,SD1000534,21828
103,2,SD1000536,27076
103,2,SD1000537,9928
103,2,SD1000544,43317
103,2,SD1000545,44928
103,2,SD1000547,43317
103,2,SD1000551,22928
103,2,SD1000557,32928
103,2,SD1000559,44928
103,2,SD1000560,44928
103,2,SD1000564,43317
103,2,SD1000565,9928
103,2,SD1000581,44928
103,2,SD1000583,9928
103,2,SD1000586,43317
103,2,SD1000593,57728
103,2,SD1000594,44928
103,2,SD1000601,27928
103,2,SD1000604,44928
103,2,SD1000607,16317
103,2,SD1000608,43317
103,2,SD1000610,9928
103,2,SD1000613,44928
103,2,SD1000617,44928
103,2,SD1000620,44928
103,2,SD1000621,44928
103,2,SD1000628,8317
103,2,SD1000654,45815
103,2,SD1000664,44928
103,2,SD1000674,44928
103,2,SD1000680,44204
103,2,SD1000683,47928
103,2,SD1000684,43317
103,2,SD1000689,43317
103,2,SD1000690,28815
103,2,SD1000706,45815
103,2,SD1000707,45815
103,2,SD1000709,14574
103,2,SD1000711,48815
103,2,SD1000712,12928
103,2,SD1000713,10815
103,2,SD1000714,45815
103,2,SD1000718,25410
103,2,SD1000721,45815
103,2,SD1000732,45815
103,2,SD1000740,44204
103,2,SD1000752,45815
103,2,SD1000754,54900
103,2,SD1000755,45815
103,2,SD1000766,31078
103,2,SD1000773,23815
103,2,SD1000778,45815
103,2,SD1000779,45815
103,2,SD1000782,27076
103,2,SD1000783,23815
103,2,SD1000797,10815
103,2,SD1000798,44928
103,2,SD1000799,45815
103,2,SD1000805,17928
103,2,SD1000807,45815
103,2,SD1000823,44928
103,2,SD1000829,47928
103,2,SD1000831,44928
103,2,SD1000840,43317
103,2,SD1000846,44928
103,2,SD1000847,44928
103,2,SD1000854,22928
103,2,SD1000855,44928
103,2,SD1000857,27928
103,2,SD1000862,44928
103,2,SD1000867,59828
103,2,SD1000871,44928
103,2,SD1000872,44928
103,2,SD1000881,9928
103,2,SD1000884,44928
103,2,SD1000889,44928
103,2,SD1000892,44928
103,2,SD1000895,44928
103,2,SD1000897,44928
103,2,SD1000899,22928
103,2,SD1000900,43317
103,2,SD1000901,9928
103,2,SD1000902,44928
103,2,SD1000907,44928
103,2,SD1000909,22928
103,2,SD1000910,44928
103,2,SD1000912,44928
103,2,SD1000913,40191
103,2,SD1000914,44928
103,2,SD1000922,44928
103,2,SD1000925,44928
103,2,SD1000942,44928
103,2,SD1001004,13687
103,2,SD980250 ,44928
103,2,SD980449 ,47928
103,2,SD980521 ,9468
103,2,SD980738 ,45815
103,2,SD990433 ,44928
103,2,SD990640 ,45815
104,1,SD1000400,44928
104,1,SD1000654,0
104,1,SD1000674,59828
104,1,SD1000706,44928
104,1,SD1000871,44928
104,1,SD980250 ,44928
104,1,SD990354 ,6575
104,1,SD990378 ,44928
104,1,SD990433 ,44928
104,1,SD990786 ,44928
104,2,SD1000301,0
104,2,SD1000400,44928
104,2,SD1000674,44928
104,2,SD1000871,44928
104,2,SD980250 ,44928
104,2,SD990433 ,44928
